#V3.30
#C North Sea/Skagerrak/Eastern Channel Cod
#
26 #_styr
100 #_endyr
1 #_nseas
12 #_months_per_seas
2 #_Nsubseasons
1 #_spawn_month
1 #_Nsexes
25 #_Nages
1 #_N_areas
2 #_Nfleets
#_fleetinfo
#_type	surveytiming	area	units	need_catch_mult	fleetname
1	-1	1	1	0	Fishery	#_1
3	 1	1	2	0	Survey 	#_2
#_Catch data
#_year	season	fleet	catch	catch_se
 -999	1	1	        0	0.010	#_1         
    1	1	1	        0	0.010	#_2         
    2	1	1	        0	0.010	#_3         
    3	1	1	        0	0.010	#_4         
    4	1	1	        0	0.010	#_5         
    5	1	1	        0	0.010	#_6         
    6	1	1	        0	0.010	#_7         
    7	1	1	        0	0.010	#_8         
    8	1	1	        0	0.010	#_9         
    9	1	1	        0	0.010	#_10        
   10	1	1	        0	0.010	#_11        
   11	1	1	        0	0.010	#_12        
   12	1	1	        0	0.010	#_13        
   13	1	1	        0	0.010	#_14        
   14	1	1	        0	0.010	#_15        
   15	1	1	        0	0.010	#_16        
   16	1	1	        0	0.010	#_17        
   17	1	1	        0	0.010	#_18        
   18	1	1	        0	0.010	#_19        
   19	1	1	        0	0.010	#_20        
   20	1	1	        0	0.010	#_21        
   21	1	1	        0	0.010	#_22        
   22	1	1	        0	0.010	#_23        
   23	1	1	        0	0.010	#_24        
   24	1	1	        0	0.010	#_25        
   25	1	1	        0	0.010	#_26        
   26	1	1	405827583	0.005	#_27        
   27	1	1	373417493	0.005	#_28        
   28	1	1	342373346	0.005	#_29        
   29	1	1	314063047	0.005	#_30        
   30	1	1	291488471	0.005	#_31        
   31	1	1	275016682	0.005	#_32        
   32	1	1	261959321	0.005	#_33        
   33	1	1	247902515	0.005	#_34        
   34	1	1	237602462	0.005	#_35        
   35	1	1	229886276	0.005	#_36        
   36	1	1	221494620	0.005	#_37        
   37	1	1	210472212	0.005	#_38        
   38	1	1	204395447	0.005	#_39        
   39	1	1	196706762	0.005	#_40        
   40	1	1	191149151	0.005	#_41        
   41	1	1	181676431	0.005	#_42        
   42	1	1	175427716	0.005	#_43        
   43	1	1	166292092	0.005	#_44        
   44	1	1	167104259	0.005	#_45        
   45	1	1	167393473	0.005	#_46        
   46	1	1	161044632	0.005	#_47        
   47	1	1	160124742	0.005	#_48        
   48	1	1	159368360	0.005	#_49        
   49	1	1	155503064	0.005	#_50        
   50	1	1	150700473	0.005	#_51        
   51	1	1	151357783	0.005	#_52        
   52	1	1	145953276	0.005	#_53        
   53	1	1	143559669	0.005	#_54        
   54	1	1	142461890	0.005	#_55        
   55	1	1	138970197	0.005	#_56        
   56	1	1	137509860	0.005	#_57        
   57	1	1	140168276	0.005	#_58        
   58	1	1	140025046	0.005	#_59        
   59	1	1	139444280	0.005	#_60        
   60	1	1	138552310	0.005	#_61        
   61	1	1	142276727	0.005	#_62        
   62	1	1	145394778	0.005	#_63        
   63	1	1	147866360	0.005	#_64        
   64	1	1	150086800	0.005	#_65        
   65	1	1	149096580	0.005	#_66        
   66	1	1	150126388	0.005	#_67        
   67	1	1	151017473	0.005	#_68        
   68	1	1	151706424	0.005	#_69        
   69	1	1	150854890	0.005	#_70        
   70	1	1	152562634	0.005	#_71        
   71	1	1	151682609	0.005	#_72        
   72	1	1	153018523	0.005	#_73        
   73	1	1	162110858	0.005	#_74        
   74	1	1	170350797	0.005	#_75        
   75	1	1	175676558	0.005	#_76        
   76	1	1	180420607	0.005	#_77        
   77	1	1	179580391	0.005	#_78        
   78	1	1	173180886	0.005	#_79        
   79	1	1	171619613	0.005	#_80        
   80	1	1	167601020	0.005	#_81        
   81	1	1	160797969	0.005	#_82        
   82	1	1	157721184	0.005	#_83        
   83	1	1	156899991	0.005	#_84        
   84	1	1	155019001	0.005	#_85        
   85	1	1	158509241	0.005	#_86        
   86	1	1	162057478	0.005	#_87        
   87	1	1	161870042	0.005	#_88        
   88	1	1	170525042	0.005	#_89        
   89	1	1	182713147	0.005	#_90        
   90	1	1	193756851	0.005	#_91        
   91	1	1	195682969	0.005	#_92        
   92	1	1	193123404	0.005	#_93        
   93	1	1	191814026	0.005	#_94        
   94	1	1	187735838	0.005	#_95        
   95	1	1	183406362	0.005	#_96        
   96	1	1	181248407	0.005	#_97        
   97	1	1	176702069	0.005	#_98        
   98	1	1	172067982	0.005	#_99        
   99	1	1	174512824	0.005	#_100       
  100	1	1	182121508	0.005	#_101       
-9999	0	0	        0	0.000	#_terminator
#_CPUE_and_surveyabundance_observations
#_Units:  0=numbers; 1=biomass; 2=F; >=30 for special types
#_Errtype:  -1=normal; 0=lognormal; >0=T
#_SD_Report: 0=no sdreport; 1=enable sdreport
#_Fleet	Units	Errtype	SD_Report
1	1	0	0	#_Fishery
2	1	0	0	#_Survey 
#
#_CPUE_data
#_year	seas	index	obs	se_log
   62	1	2	2319095418	0.2	#_1         
   64	1	2	1450356783	0.2	#_2         
   66	1	2	1503543274	0.2	#_3         
   68	1	2	1568917464	0.2	#_4         
   70	1	2	1491684068	0.2	#_5         
   72	1	2	1453785086	0.2	#_6         
   74	1	2	1728862643	0.2	#_7         
   76	1	2	1732955651	0.2	#_8         
   78	1	2	1495070546	0.2	#_9         
   80	1	2	1162754195	0.2	#_10        
   82	1	2	1389316573	0.2	#_11        
   84	1	2	1980264967	0.2	#_12        
   86	1	2	1872900449	0.2	#_13        
   88	1	2	1772513878	0.2	#_14        
   90	1	2	2610471051	0.2	#_15        
   92	1	2	2610821051	0.2	#_16        
   94	1	2	2610461051	0.2	#_17        
   96	1	2	2014668777	0.2	#_18        
   98	1	2	1365842314	0.2	#_19        
  100	1	2	1749224049	0.2	#_20        
-9999	0	0	         0	0.0	#_terminator
0 #_N_discard_fleets
#_discard_units (1=same_as_catchunits(bio/num); 2=fraction; 3=numbers)
#_discard_errtype:  >0 for DF of T-dist(read CV below); 0 for normal with CV; -1 for normal with se; -2 for lognormal
#
#_discard_fleet_info
#
#_discard_data
#
#_meanbodywt
0 #_use_meanbodywt
 #_DF_for_meanbodywt_T-distribution_like
#
#_population_length_bins
2 # length bin method: 1=use databins; 2=generate from binwidth,min,max below; 3=read vector
1 # binwidth for population size comp
10 # minimum size in the population (lower edge of first bin and size at age 0.00)
200 # maximum size in the population (lower edge of last bin)
1 #_use_lencomp
#
#_len_info
#_mintailcomp	addtocomp	combine_M_F	CompressBins	CompError	ParmSelect	minsamplesize
-1	1e-10	0	0	0	0	1	#_Fishery
-1	1e-10	0	0	0	0	1	#_Survey 
45 #_N_lbins
#_lbin_vector
20 23 26 29 32 35 38 41 44 47 50 53 56 59 62 65 68 71 74 77 80 83 86 89 92 95 98 101 104 107 110 113 116 119 122 125 128 131 134 137 140 143 146 149 152 #_lbin_vector
#
#_lencomp
#_Yr	Seas	FltSvy	Gender	Part	Nsamp	l20	l23	l26	l29	l32	l35	l38	l41	l44	l47	l50	l53	l56	l59	l62	l65	l68	l71	l74	l77	l80	l83	l86	l89	l92	l95	l98	l101	l104	l107	l110	l113	l116	l119	l122	l125	l128	l131	l134	l137	l140	l143	l146	l149	l152
   95	1	1	0	0	 50	1.21839e-15	7.08912e-10	3.53471e-07	6.47686e-03	3.08818e-03	1.03054e-05	2.57179e-06	7.60397e-03	0.0133111	0.0476258	0.0348703	0.04032875	 0.0497779	 0.04741981	0.01443621	0.07874335	0.0230499	0.0266009	0.01794948	0.0270393	0.0510087	0.01111618	0.0654543	0.01606061	0.0513103	0.01029999	0.000825664	0.03932407	0.022521232	0.07562950	0.06083348	0.02336445	6.38750e-02	0.00392951	0.012387671	0.003952013	0.007133818	0.00897878	5.15022e-03	9.58616e-04	2.15086e-02	4.05532e-03	1.75826e-03	1.48731e-14	2.28787e-04	#_1         
   96	1	1	0	0	 50	5.99789e-30	3.86910e-29	3.87336e-07	2.01136e-03	4.19938e-05	1.31793e-05	1.53990e-03	2.12131e-02	0.0159329	0.0343006	0.1230111	0.02119380	 0.0047550	 0.00137013	0.13720601	0.02200563	0.0488743	0.0325755	0.08802896	0.0233814	0.0213249	0.06504259	0.0822676	0.06275952	0.0194676	0.01154768	0.021065655	0.01933137	0.003829945	0.03479926	0.04589062	0.00248582	2.80196e-03	0.00385954	0.009757891	0.000151414	0.004176591	0.00488303	6.81256e-05	2.07929e-03	1.51268e-03	3.33025e-03	1.11326e-04	9.90207e-48	3.76714e-13	#_2         
   97	1	1	0	0	 50	4.82525e-17	6.60950e-63	1.45918e-02	2.46884e-04	3.02475e-02	3.14046e-03	1.58916e-04	4.55571e-06	0.0197265	0.0475703	0.0460192	0.00543952	 0.0330235	 0.04910525	0.11044604	0.00943501	0.1034457	0.0748063	0.05347646	0.0235542	0.0839288	0.00480831	0.0792134	0.01471147	0.0358458	0.00426968	0.019992995	0.01680004	0.026919891	0.01041092	0.00517611	0.01610544	6.62434e-03	0.00336242	0.008427033	0.005320177	0.008221190	0.00246077	6.16104e-03	2.32716e-06	1.86462e-04	1.55249e-02	1.23345e-11	1.88218e-04	9.00144e-04	#_3         
   98	1	1	0	0	 50	4.33367e-05	5.23013e-21	1.80907e-04	5.98429e-03	1.50085e-02	1.84472e-03	4.78366e-05	1.38155e-02	0.0177652	0.0570923	0.1315670	0.05701185	 0.0436706	 0.03468419	0.00784813	0.03077679	0.0152514	0.0280374	0.05779615	0.0246120	0.0250831	0.13000820	0.0171202	0.00935178	0.0360376	0.01851026	0.110258877	0.00141916	0.003314611	0.00978243	0.01410409	0.01426905	2.08460e-02	0.01619731	0.000651814	0.027305506	0.000359444	0.00214246	1.38929e-05	2.50726e-09	1.43831e-05	1.21122e-13	9.29224e-05	7.88754e-05	1.76531e-11	#_4         
   99	1	1	0	0	 50	3.43796e-08	6.63178e-13	1.37536e-02	3.48744e-03	6.30987e-02	6.18445e-03	2.34790e-02	6.67529e-03	0.0516173	0.0459099	0.0690536	0.14736148	 0.0843542	 0.02998615	0.01049348	0.04949479	0.0108561	0.0149054	0.05960321	0.0285729	0.0134305	0.00172333	0.0170506	0.00829920	0.0183744	0.04591866	0.016283377	0.01165331	0.000611884	0.03343126	0.01524042	0.02159914	3.74832e-05	0.00718344	0.036709237	0.000856413	0.000815214	0.00168073	2.98768e-02	2.46071e-09	6.25824e-10	3.29265e-04	8.78233e-15	5.64135e-06	2.59270e-06	#_5         
  100	1	1	0	0	 50	7.06058e-39	7.28113e-17	8.82966e-04	1.85488e-05	3.40430e-03	9.19572e-03	3.19208e-03	2.56074e-03	0.0212217	0.0625408	0.0360383	0.14289880	 0.0310024	 0.01689111	0.07980034	0.07799596	0.0189316	0.0364775	0.00768082	0.0543474	0.0189996	0.02657866	0.0239969	0.02052548	0.0458498	0.00177325	0.013893173	0.01476595	0.000263802	0.02470716	0.05980638	0.01254703	2.57588e-02	0.02019666	0.042446520	0.026112080	0.002434038	0.00540392	3.26960e-06	5.33413e-03	3.37349e-05	3.77795e-05	2.83245e-19	1.73956e-12	3.45088e-03	#_6         
   26	1	1	0	0	 50	0.00000e+00	0.00000e+00	0.00000e+00	0.00000e+00	0.00000e+00	0.00000e+00	0.00000e+00	2.00000e+00	0.0000000	0.0000000	2.0000000	0.00000000	 0.0000000	 0.00000000	0.00000000	3.00000000	3.0000000	1.0000000	3.00000000	2.0000000	1.0000000	2.00000000	1.0000000	4.00000000	4.0000000	1.00000000	1.000000000	3.00000000	2.000000000	2.00000000	3.00000000	2.00000000	2.00000e+00	2.00000000	1.000000000	0.000000000	0.000000000	2.00000000	0.00000e+00	0.00000e+00	1.00000e+00	0.00000e+00	0.00000e+00	0.00000e+00	0.00000e+00	#_7         
   27	1	1	0	0	 50	0.00000e+00	0.00000e+00	0.00000e+00	1.00000e+00	1.00000e+00	0.00000e+00	0.00000e+00	0.00000e+00	0.0000000	0.0000000	2.0000000	1.00000000	 1.0000000	 1.00000000	2.00000000	3.00000000	1.0000000	1.0000000	4.00000000	1.0000000	2.0000000	1.00000000	3.0000000	3.00000000	0.0000000	1.00000000	3.000000000	2.00000000	1.000000000	3.00000000	1.00000000	1.00000000	1.00000e+00	2.00000000	3.000000000	1.000000000	1.000000000	0.00000000	0.00000e+00	1.00000e+00	0.00000e+00	1.00000e+00	0.00000e+00	0.00000e+00	0.00000e+00	#_8         
   28	1	1	0	0	 50	0.00000e+00	0.00000e+00	0.00000e+00	0.00000e+00	0.00000e+00	0.00000e+00	0.00000e+00	1.00000e+00	0.0000000	3.0000000	2.0000000	2.00000000	 0.0000000	 1.00000000	0.00000000	4.00000000	0.0000000	2.0000000	1.00000000	3.0000000	3.0000000	0.00000000	1.0000000	3.00000000	1.0000000	3.00000000	1.000000000	2.00000000	2.000000000	2.00000000	1.00000000	3.00000000	3.00000e+00	0.00000000	0.000000000	3.000000000	2.000000000	0.00000000	1.00000e+00	0.00000e+00	0.00000e+00	0.00000e+00	0.00000e+00	0.00000e+00	0.00000e+00	#_9         
   29	1	1	0	0	 50	0.00000e+00	0.00000e+00	0.00000e+00	1.00000e+00	0.00000e+00	0.00000e+00	0.00000e+00	0.00000e+00	4.0000000	2.0000000	1.0000000	0.00000000	 1.0000000	 2.00000000	1.00000000	2.00000000	1.0000000	1.0000000	3.00000000	3.0000000	5.0000000	1.00000000	1.0000000	2.00000000	2.0000000	2.00000000	2.000000000	3.00000000	2.000000000	0.00000000	0.00000000	0.00000000	2.00000e+00	2.00000000	1.000000000	0.000000000	1.000000000	2.00000000	0.00000e+00	0.00000e+00	0.00000e+00	0.00000e+00	0.00000e+00	0.00000e+00	0.00000e+00	#_10        
   30	1	1	0	0	 50	0.00000e+00	0.00000e+00	0.00000e+00	0.00000e+00	0.00000e+00	0.00000e+00	0.00000e+00	1.00000e+00	8.0000000	5.0000000	2.0000000	2.00000000	 0.0000000	 0.00000000	3.00000000	3.00000000	2.0000000	3.0000000	0.00000000	1.0000000	4.0000000	1.00000000	0.0000000	1.00000000	2.0000000	1.00000000	2.000000000	1.00000000	1.000000000	2.00000000	1.00000000	0.00000000	0.00000e+00	0.00000000	0.000000000	1.000000000	0.000000000	1.00000000	1.00000e+00	0.00000e+00	0.00000e+00	1.00000e+00	0.00000e+00	0.00000e+00	0.00000e+00	#_11        
   31	1	1	0	0	 50	0.00000e+00	0.00000e+00	1.00000e+00	1.00000e+00	1.00000e+00	0.00000e+00	0.00000e+00	1.00000e+00	2.0000000	2.0000000	1.0000000	3.00000000	 2.0000000	 3.00000000	4.00000000	4.00000000	2.0000000	0.0000000	1.00000000	3.0000000	3.0000000	0.00000000	1.0000000	1.00000000	1.0000000	1.00000000	0.000000000	1.00000000	0.000000000	0.00000000	2.00000000	1.00000000	2.00000e+00	1.00000000	2.000000000	0.000000000	0.000000000	1.00000000	1.00000e+00	1.00000e+00	0.00000e+00	0.00000e+00	0.00000e+00	0.00000e+00	0.00000e+00	#_12        
   32	1	1	0	0	 50	0.00000e+00	0.00000e+00	0.00000e+00	0.00000e+00	1.00000e+00	0.00000e+00	0.00000e+00	0.00000e+00	3.0000000	2.0000000	1.0000000	2.00000000	 1.0000000	 2.00000000	2.00000000	2.00000000	3.0000000	1.0000000	4.00000000	3.0000000	1.0000000	3.00000000	0.0000000	2.00000000	1.0000000	1.00000000	1.000000000	1.00000000	0.000000000	4.00000000	1.00000000	1.00000000	2.00000e+00	4.00000000	0.000000000	0.000000000	1.000000000	0.00000000	0.00000e+00	0.00000e+00	0.00000e+00	0.00000e+00	0.00000e+00	0.00000e+00	0.00000e+00	#_13        
   33	1	1	0	0	 50	0.00000e+00	0.00000e+00	0.00000e+00	1.00000e+00	1.00000e+00	3.00000e+00	0.00000e+00	2.00000e+00	0.0000000	3.0000000	2.0000000	1.00000000	 1.0000000	 2.00000000	1.00000000	3.00000000	5.0000000	2.0000000	3.00000000	3.0000000	3.0000000	1.00000000	0.0000000	1.00000000	3.0000000	0.00000000	0.000000000	2.00000000	1.000000000	0.00000000	0.00000000	2.00000000	1.00000e+00	0.00000000	0.000000000	0.000000000	1.000000000	1.00000000	0.00000e+00	0.00000e+00	0.00000e+00	1.00000e+00	0.00000e+00	0.00000e+00	0.00000e+00	#_14        
   34	1	1	0	0	 50	0.00000e+00	0.00000e+00	0.00000e+00	2.00000e+00	0.00000e+00	0.00000e+00	1.00000e+00	0.00000e+00	2.0000000	4.0000000	3.0000000	3.00000000	 0.0000000	 1.00000000	1.00000000	2.00000000	1.0000000	3.0000000	1.00000000	1.0000000	2.0000000	0.00000000	2.0000000	4.00000000	1.0000000	1.00000000	1.000000000	1.00000000	1.000000000	2.00000000	3.00000000	2.00000000	1.00000e+00	0.00000000	1.000000000	0.000000000	0.000000000	2.00000000	0.00000e+00	0.00000e+00	0.00000e+00	0.00000e+00	0.00000e+00	0.00000e+00	1.00000e+00	#_15        
   35	1	1	0	0	 50	0.00000e+00	0.00000e+00	0.00000e+00	1.00000e+00	0.00000e+00	0.00000e+00	0.00000e+00	1.00000e+00	4.0000000	4.0000000	7.0000000	2.00000000	 2.0000000	 2.00000000	2.00000000	1.00000000	0.0000000	0.0000000	1.00000000	0.0000000	0.0000000	3.00000000	4.0000000	1.00000000	4.0000000	2.00000000	3.000000000	0.00000000	0.000000000	0.00000000	1.00000000	3.00000000	0.00000e+00	0.00000000	1.000000000	0.000000000	0.000000000	0.00000000	0.00000e+00	0.00000e+00	1.00000e+00	0.00000e+00	0.00000e+00	0.00000e+00	0.00000e+00	#_16        
   36	1	1	0	0	 50	0.00000e+00	0.00000e+00	1.00000e+00	0.00000e+00	0.00000e+00	0.00000e+00	0.00000e+00	0.00000e+00	5.0000000	4.0000000	1.0000000	2.00000000	 1.0000000	 0.00000000	4.00000000	2.00000000	1.0000000	3.0000000	2.00000000	2.0000000	1.0000000	1.00000000	1.0000000	1.00000000	1.0000000	2.00000000	2.000000000	0.00000000	2.000000000	0.00000000	1.00000000	2.00000000	1.00000e+00	1.00000000	0.000000000	1.000000000	2.000000000	1.00000000	1.00000e+00	0.00000e+00	0.00000e+00	0.00000e+00	1.00000e+00	0.00000e+00	0.00000e+00	#_17        
   37	1	1	0	0	 50	0.00000e+00	0.00000e+00	0.00000e+00	0.00000e+00	3.00000e+00	2.00000e+00	0.00000e+00	0.00000e+00	1.0000000	1.0000000	1.0000000	1.00000000	 3.0000000	 3.00000000	1.00000000	2.00000000	1.0000000	1.0000000	1.00000000	4.0000000	3.0000000	1.00000000	1.0000000	1.00000000	2.0000000	0.00000000	1.000000000	2.00000000	3.000000000	0.00000000	1.00000000	0.00000000	0.00000e+00	2.00000000	4.000000000	1.000000000	1.000000000	2.00000000	0.00000e+00	0.00000e+00	0.00000e+00	0.00000e+00	0.00000e+00	0.00000e+00	0.00000e+00	#_18        
   38	1	1	0	0	 50	0.00000e+00	0.00000e+00	1.00000e+00	1.00000e+00	0.00000e+00	0.00000e+00	1.00000e+00	1.00000e+00	3.0000000	6.0000000	3.0000000	0.00000000	 1.0000000	 1.00000000	0.00000000	3.00000000	2.0000000	3.0000000	1.00000000	2.0000000	3.0000000	1.00000000	1.0000000	1.00000000	1.0000000	1.00000000	4.000000000	0.00000000	3.000000000	4.00000000	0.00000000	1.00000000	0.00000e+00	0.00000000	1.000000000	0.000000000	0.000000000	0.00000000	0.00000e+00	0.00000e+00	0.00000e+00	0.00000e+00	0.00000e+00	0.00000e+00	0.00000e+00	#_19        
   39	1	1	0	0	 50	0.00000e+00	0.00000e+00	0.00000e+00	0.00000e+00	0.00000e+00	0.00000e+00	0.00000e+00	1.00000e+00	0.0000000	3.0000000	0.0000000	1.00000000	 3.0000000	 4.00000000	3.00000000	3.00000000	4.0000000	1.0000000	2.00000000	0.0000000	0.0000000	4.00000000	2.0000000	1.00000000	0.0000000	5.00000000	2.000000000	1.00000000	0.000000000	0.00000000	1.00000000	2.00000000	1.00000e+00	0.00000000	0.000000000	1.000000000	1.000000000	1.00000000	2.00000e+00	1.00000e+00	0.00000e+00	0.00000e+00	0.00000e+00	0.00000e+00	0.00000e+00	#_20        
   40	1	1	0	0	 50	0.00000e+00	0.00000e+00	0.00000e+00	1.00000e+00	0.00000e+00	0.00000e+00	0.00000e+00	1.00000e+00	2.0000000	6.0000000	5.0000000	3.00000000	 3.0000000	 2.00000000	1.00000000	0.00000000	3.0000000	1.0000000	3.00000000	1.0000000	1.0000000	1.00000000	1.0000000	0.00000000	0.0000000	1.00000000	2.000000000	3.00000000	1.000000000	2.00000000	2.00000000	0.00000000	2.00000e+00	1.00000000	1.000000000	0.000000000	0.000000000	0.00000000	0.00000e+00	0.00000e+00	0.00000e+00	0.00000e+00	0.00000e+00	0.00000e+00	0.00000e+00	#_21        
   41	1	1	0	0	 50	0.00000e+00	0.00000e+00	1.00000e+00	1.00000e+00	0.00000e+00	0.00000e+00	0.00000e+00	0.00000e+00	2.0000000	0.0000000	0.0000000	1.00000000	 2.0000000	 4.00000000	2.00000000	2.00000000	1.0000000	0.0000000	1.00000000	2.0000000	2.0000000	0.00000000	1.0000000	2.00000000	2.0000000	0.00000000	0.000000000	2.00000000	4.000000000	2.00000000	2.00000000	4.00000000	1.00000e+00	2.00000000	1.000000000	1.000000000	1.000000000	1.00000000	0.00000e+00	1.00000e+00	1.00000e+00	0.00000e+00	0.00000e+00	0.00000e+00	1.00000e+00	#_22        
   42	1	1	0	0	 50	0.00000e+00	0.00000e+00	1.00000e+00	1.00000e+00	0.00000e+00	0.00000e+00	0.00000e+00	1.00000e+00	4.0000000	3.0000000	2.0000000	2.00000000	 2.0000000	 3.00000000	2.00000000	2.00000000	1.0000000	1.0000000	2.00000000	4.0000000	0.0000000	1.00000000	3.0000000	1.00000000	1.0000000	1.00000000	0.000000000	2.00000000	3.000000000	1.00000000	3.00000000	0.00000000	0.00000e+00	1.00000000	1.000000000	0.000000000	1.000000000	0.00000000	0.00000e+00	0.00000e+00	0.00000e+00	0.00000e+00	0.00000e+00	0.00000e+00	0.00000e+00	#_23        
   43	1	1	0	0	 50	0.00000e+00	0.00000e+00	0.00000e+00	0.00000e+00	3.00000e+00	1.00000e+00	0.00000e+00	0.00000e+00	0.0000000	0.0000000	1.0000000	5.00000000	 5.0000000	 2.00000000	3.00000000	0.00000000	5.0000000	0.0000000	2.00000000	0.0000000	2.0000000	1.00000000	1.0000000	1.00000000	0.0000000	1.00000000	0.000000000	0.00000000	4.000000000	3.00000000	1.00000000	4.00000000	1.00000e+00	1.00000000	0.000000000	1.000000000	0.000000000	0.00000000	1.00000e+00	0.00000e+00	0.00000e+00	1.00000e+00	0.00000e+00	0.00000e+00	0.00000e+00	#_24        
   44	1	1	0	0	 50	0.00000e+00	0.00000e+00	0.00000e+00	0.00000e+00	0.00000e+00	0.00000e+00	1.00000e+00	4.00000e+00	3.0000000	6.0000000	4.0000000	3.00000000	 4.0000000	 1.00000000	0.00000000	1.00000000	3.0000000	0.0000000	1.00000000	2.0000000	3.0000000	2.00000000	1.0000000	1.00000000	1.0000000	1.00000000	3.000000000	0.00000000	1.000000000	2.00000000	0.00000000	0.00000000	0.00000e+00	0.00000000	1.000000000	1.000000000	0.000000000	0.00000000	0.00000e+00	0.00000e+00	0.00000e+00	0.00000e+00	0.00000e+00	0.00000e+00	0.00000e+00	#_25        
   45	1	1	0	0	 50	0.00000e+00	0.00000e+00	0.00000e+00	0.00000e+00	0.00000e+00	0.00000e+00	0.00000e+00	1.00000e+00	0.0000000	0.0000000	0.0000000	3.00000000	 3.0000000	 3.00000000	6.00000000	5.00000000	4.0000000	2.0000000	3.00000000	1.0000000	0.0000000	2.00000000	1.0000000	1.00000000	2.0000000	0.00000000	0.000000000	0.00000000	3.000000000	2.00000000	0.00000000	2.00000000	1.00000e+00	2.00000000	2.000000000	0.000000000	0.000000000	1.00000000	0.00000e+00	0.00000e+00	0.00000e+00	0.00000e+00	0.00000e+00	0.00000e+00	0.00000e+00	#_26        
   46	1	1	0	0	 50	0.00000e+00	0.00000e+00	1.00000e+00	1.00000e+00	2.00000e+00	0.00000e+00	0.00000e+00	1.00000e+00	1.0000000	1.0000000	1.0000000	0.00000000	 0.0000000	 0.00000000	0.00000000	2.00000000	0.0000000	4.0000000	2.00000000	4.0000000	5.0000000	3.00000000	3.0000000	2.00000000	1.0000000	1.00000000	3.000000000	0.00000000	1.000000000	1.00000000	3.00000000	0.00000000	2.00000e+00	1.00000000	1.000000000	2.000000000	0.000000000	0.00000000	0.00000e+00	1.00000e+00	0.00000e+00	0.00000e+00	0.00000e+00	0.00000e+00	0.00000e+00	#_27        
   47	1	1	0	0	 50	0.00000e+00	0.00000e+00	0.00000e+00	0.00000e+00	1.00000e+00	2.00000e+00	0.00000e+00	2.00000e+00	8.0000000	2.0000000	1.0000000	7.00000000	 3.0000000	 1.00000000	0.00000000	0.00000000	0.0000000	0.0000000	1.00000000	2.0000000	2.0000000	1.00000000	1.0000000	3.00000000	3.0000000	0.00000000	0.000000000	2.00000000	1.000000000	0.00000000	1.00000000	2.00000000	0.00000e+00	1.00000000	1.000000000	0.000000000	1.000000000	0.00000000	0.00000e+00	0.00000e+00	0.00000e+00	1.00000e+00	0.00000e+00	0.00000e+00	0.00000e+00	#_28        
   48	1	1	0	0	 50	0.00000e+00	0.00000e+00	0.00000e+00	2.00000e+00	0.00000e+00	0.00000e+00	1.00000e+00	1.00000e+00	3.0000000	1.0000000	3.0000000	4.00000000	 3.0000000	 3.00000000	1.00000000	2.00000000	1.0000000	1.0000000	1.00000000	2.0000000	2.0000000	1.00000000	0.0000000	1.00000000	3.0000000	3.00000000	0.000000000	4.00000000	1.000000000	2.00000000	1.00000000	0.00000000	0.00000e+00	1.00000000	1.000000000	0.000000000	0.000000000	0.00000000	0.00000e+00	0.00000e+00	0.00000e+00	1.00000e+00	0.00000e+00	0.00000e+00	0.00000e+00	#_29        
   49	1	1	0	0	 50	0.00000e+00	0.00000e+00	0.00000e+00	0.00000e+00	2.00000e+00	0.00000e+00	0.00000e+00	1.00000e+00	2.0000000	2.0000000	2.0000000	1.00000000	 1.0000000	 0.00000000	3.00000000	3.00000000	4.0000000	2.0000000	6.00000000	1.0000000	2.0000000	3.00000000	1.0000000	1.00000000	2.0000000	0.00000000	1.000000000	2.00000000	1.000000000	0.00000000	1.00000000	1.00000000	2.00000e+00	0.00000000	0.000000000	1.000000000	1.000000000	0.00000000	0.00000e+00	1.00000e+00	0.00000e+00	0.00000e+00	0.00000e+00	0.00000e+00	0.00000e+00	#_30        
   50	1	1	0	0	 50	0.00000e+00	0.00000e+00	0.00000e+00	1.00000e+00	4.00000e+00	0.00000e+00	0.00000e+00	4.00000e+00	3.0000000	1.0000000	2.0000000	0.00000000	 1.0000000	 1.00000000	2.00000000	1.00000000	1.0000000	0.0000000	5.00000000	0.0000000	2.0000000	1.00000000	3.0000000	1.00000000	1.0000000	1.00000000	0.000000000	3.00000000	4.000000000	0.00000000	3.00000000	2.00000000	0.00000e+00	3.00000000	0.000000000	0.000000000	0.000000000	0.00000000	0.00000e+00	0.00000e+00	0.00000e+00	0.00000e+00	0.00000e+00	0.00000e+00	0.00000e+00	#_31        
   51	1	1	0	0	 50	0.00000e+00	0.00000e+00	0.00000e+00	1.00000e+00	2.00000e+00	1.00000e+00	0.00000e+00	1.00000e+00	6.0000000	3.0000000	3.0000000	0.00000000	 1.0000000	 1.00000000	2.00000000	2.00000000	2.0000000	0.0000000	1.00000000	3.0000000	1.0000000	1.00000000	2.0000000	1.00000000	4.0000000	0.00000000	2.000000000	0.00000000	1.000000000	0.00000000	2.00000000	1.00000000	0.00000e+00	2.00000000	1.000000000	3.000000000	0.000000000	0.00000000	0.00000e+00	0.00000e+00	0.00000e+00	0.00000e+00	0.00000e+00	0.00000e+00	0.00000e+00	#_32        
   52	1	1	0	0	 50	0.00000e+00	0.00000e+00	1.00000e+00	0.00000e+00	0.00000e+00	0.00000e+00	0.00000e+00	1.00000e+00	2.0000000	3.0000000	2.0000000	1.00000000	 2.0000000	 2.00000000	2.00000000	4.00000000	4.0000000	1.0000000	1.00000000	2.0000000	4.0000000	2.00000000	2.0000000	2.00000000	2.0000000	2.00000000	3.000000000	0.00000000	0.000000000	0.00000000	1.00000000	1.00000000	0.00000e+00	0.00000000	0.000000000	0.000000000	0.000000000	1.00000000	0.00000e+00	1.00000e+00	0.00000e+00	0.00000e+00	0.00000e+00	1.00000e+00	0.00000e+00	#_33        
   53	1	1	0	0	 50	0.00000e+00	0.00000e+00	0.00000e+00	0.00000e+00	0.00000e+00	1.00000e+00	0.00000e+00	1.00000e+00	5.0000000	4.0000000	2.0000000	4.00000000	 2.0000000	 2.00000000	0.00000000	3.00000000	2.0000000	1.0000000	1.00000000	3.0000000	3.0000000	0.00000000	0.0000000	2.00000000	1.0000000	1.00000000	0.000000000	3.00000000	3.000000000	1.00000000	0.00000000	0.00000000	1.00000e+00	2.00000000	0.000000000	0.000000000	0.000000000	1.00000000	0.00000e+00	1.00000e+00	0.00000e+00	0.00000e+00	0.00000e+00	0.00000e+00	0.00000e+00	#_34        
   54	1	1	0	0	 50	1.00000e+00	0.00000e+00	0.00000e+00	0.00000e+00	0.00000e+00	0.00000e+00	0.00000e+00	0.00000e+00	2.0000000	0.0000000	1.0000000	4.00000000	 1.0000000	 1.00000000	1.00000000	2.00000000	4.0000000	2.0000000	2.00000000	1.0000000	0.0000000	3.00000000	2.0000000	4.00000000	5.0000000	1.00000000	1.000000000	3.00000000	1.000000000	1.00000000	2.00000000	0.00000000	1.00000e+00	1.00000000	1.000000000	1.000000000	1.000000000	0.00000000	0.00000e+00	0.00000e+00	0.00000e+00	0.00000e+00	0.00000e+00	0.00000e+00	0.00000e+00	#_35        
   55	1	1	0	0	 50	0.00000e+00	0.00000e+00	0.00000e+00	2.00000e+00	0.00000e+00	3.00000e+00	0.00000e+00	1.00000e+00	1.0000000	3.0000000	3.0000000	3.00000000	 0.0000000	 0.00000000	0.00000000	1.00000000	6.0000000	1.0000000	2.00000000	1.0000000	1.0000000	2.00000000	3.0000000	2.00000000	0.0000000	2.00000000	0.000000000	2.00000000	1.000000000	0.00000000	2.00000000	5.00000000	0.00000e+00	0.00000000	1.000000000	1.000000000	1.000000000	0.00000000	0.00000e+00	0.00000e+00	0.00000e+00	0.00000e+00	0.00000e+00	0.00000e+00	0.00000e+00	#_36        
   56	1	1	0	0	 50	0.00000e+00	0.00000e+00	0.00000e+00	1.00000e+00	1.00000e+00	0.00000e+00	0.00000e+00	3.00000e+00	2.0000000	5.0000000	3.0000000	3.00000000	 3.0000000	 1.00000000	2.00000000	1.00000000	1.0000000	1.0000000	2.00000000	1.0000000	2.0000000	2.00000000	2.0000000	1.00000000	2.0000000	1.00000000	1.000000000	1.00000000	0.000000000	2.00000000	1.00000000	1.00000000	1.00000e+00	0.00000000	0.000000000	1.000000000	0.000000000	0.00000000	0.00000e+00	0.00000e+00	1.00000e+00	0.00000e+00	1.00000e+00	0.00000e+00	0.00000e+00	#_37        
   57	1	1	0	0	 50	0.00000e+00	0.00000e+00	2.00000e+00	3.00000e+00	1.00000e+00	1.00000e+00	1.00000e+00	2.00000e+00	2.0000000	2.0000000	3.0000000	1.00000000	 2.0000000	 1.00000000	3.00000000	1.00000000	1.0000000	0.0000000	1.00000000	0.0000000	2.0000000	0.00000000	1.0000000	4.00000000	1.0000000	0.00000000	6.000000000	0.00000000	1.000000000	0.00000000	1.00000000	1.00000000	1.00000e+00	3.00000000	0.000000000	1.000000000	0.000000000	0.00000000	0.00000e+00	1.00000e+00	0.00000e+00	0.00000e+00	0.00000e+00	0.00000e+00	0.00000e+00	#_38        
   58	1	1	0	0	 50	0.00000e+00	0.00000e+00	0.00000e+00	1.00000e+00	0.00000e+00	2.00000e+00	1.00000e+00	0.00000e+00	4.0000000	3.0000000	0.0000000	4.00000000	 1.0000000	 3.00000000	2.00000000	1.00000000	2.0000000	4.0000000	2.00000000	2.0000000	4.0000000	2.00000000	1.0000000	2.00000000	1.0000000	0.00000000	2.000000000	1.00000000	0.000000000	0.00000000	0.00000000	1.00000000	1.00000e+00	2.00000000	0.000000000	0.000000000	1.000000000	0.00000000	0.00000e+00	0.00000e+00	0.00000e+00	0.00000e+00	0.00000e+00	0.00000e+00	0.00000e+00	#_39        
   59	1	1	0	0	 50	0.00000e+00	0.00000e+00	0.00000e+00	0.00000e+00	2.00000e+00	0.00000e+00	0.00000e+00	0.00000e+00	0.0000000	1.0000000	2.0000000	2.00000000	 3.0000000	 0.00000000	1.00000000	3.00000000	1.0000000	3.0000000	3.00000000	4.0000000	5.0000000	3.00000000	1.0000000	2.00000000	2.0000000	3.00000000	0.000000000	2.00000000	1.000000000	0.00000000	3.00000000	2.00000000	0.00000e+00	1.00000000	0.000000000	0.000000000	0.000000000	0.00000000	0.00000e+00	0.00000e+00	0.00000e+00	0.00000e+00	0.00000e+00	0.00000e+00	0.00000e+00	#_40        
   60	1	1	0	0	 50	0.00000e+00	0.00000e+00	0.00000e+00	0.00000e+00	3.00000e+00	0.00000e+00	1.00000e+00	0.00000e+00	4.0000000	3.0000000	3.0000000	3.00000000	 3.0000000	 1.00000000	0.00000000	2.00000000	0.0000000	1.0000000	2.00000000	0.0000000	3.0000000	0.00000000	2.0000000	4.00000000	1.0000000	2.00000000	1.000000000	1.00000000	2.000000000	2.00000000	2.00000000	0.00000000	1.00000e+00	0.00000000	0.000000000	2.000000000	1.000000000	0.00000000	0.00000e+00	0.00000e+00	0.00000e+00	0.00000e+00	0.00000e+00	0.00000e+00	0.00000e+00	#_41        
   61	1	1	0	0	 50	1.00000e+00	0.00000e+00	0.00000e+00	0.00000e+00	2.00000e+00	0.00000e+00	0.00000e+00	1.00000e+00	2.0000000	3.0000000	8.0000000	3.00000000	 3.0000000	 1.00000000	0.00000000	0.00000000	3.0000000	3.0000000	2.00000000	3.0000000	1.0000000	3.00000000	1.0000000	0.00000000	0.0000000	0.00000000	1.000000000	1.00000000	3.000000000	2.00000000	2.00000000	0.00000000	0.00000e+00	1.00000000	0.000000000	0.000000000	0.000000000	0.00000000	0.00000e+00	0.00000e+00	0.00000e+00	0.00000e+00	0.00000e+00	0.00000e+00	0.00000e+00	#_42        
   62	1	1	0	0	 50	0.00000e+00	0.00000e+00	0.00000e+00	0.00000e+00	2.00000e+00	0.00000e+00	0.00000e+00	1.00000e+00	1.0000000	2.0000000	2.0000000	1.00000000	 0.0000000	 3.00000000	4.00000000	3.00000000	5.0000000	2.0000000	0.00000000	3.0000000	4.0000000	1.00000000	3.0000000	4.00000000	0.0000000	0.00000000	0.000000000	2.00000000	0.000000000	1.00000000	0.00000000	4.00000000	0.00000e+00	1.00000000	0.000000000	0.000000000	0.000000000	1.00000000	0.00000e+00	0.00000e+00	0.00000e+00	0.00000e+00	0.00000e+00	0.00000e+00	0.00000e+00	#_43        
   63	1	1	0	0	 50	0.00000e+00	0.00000e+00	0.00000e+00	1.00000e+00	1.00000e+00	0.00000e+00	0.00000e+00	1.00000e+00	1.0000000	1.0000000	3.0000000	3.00000000	 3.0000000	 0.00000000	3.00000000	3.00000000	1.0000000	2.0000000	2.00000000	2.0000000	3.0000000	2.00000000	2.0000000	4.00000000	1.0000000	0.00000000	4.000000000	1.00000000	0.000000000	1.00000000	2.00000000	2.00000000	0.00000e+00	0.00000000	0.000000000	0.000000000	0.000000000	0.00000000	0.00000e+00	1.00000e+00	0.00000e+00	0.00000e+00	0.00000e+00	0.00000e+00	0.00000e+00	#_44        
   64	1	1	0	0	 50	0.00000e+00	0.00000e+00	0.00000e+00	0.00000e+00	0.00000e+00	1.00000e+00	1.00000e+00	1.00000e+00	2.0000000	2.0000000	6.0000000	1.00000000	 2.0000000	 1.00000000	2.00000000	2.00000000	2.0000000	2.0000000	3.00000000	1.0000000	1.0000000	2.00000000	3.0000000	2.00000000	1.0000000	4.00000000	0.000000000	3.00000000	1.000000000	1.00000000	0.00000000	0.00000000	0.00000e+00	0.00000000	0.000000000	1.000000000	2.000000000	0.00000000	0.00000e+00	0.00000e+00	0.00000e+00	0.00000e+00	0.00000e+00	0.00000e+00	0.00000e+00	#_45        
   65	1	1	0	0	 50	0.00000e+00	0.00000e+00	0.00000e+00	1.00000e+00	0.00000e+00	1.00000e+00	0.00000e+00	1.00000e+00	3.0000000	2.0000000	2.0000000	1.00000000	 1.0000000	 1.00000000	0.00000000	2.00000000	2.0000000	4.0000000	5.00000000	3.0000000	1.0000000	4.00000000	0.0000000	4.00000000	0.0000000	3.00000000	1.000000000	1.00000000	1.000000000	1.00000000	1.00000000	1.00000000	0.00000e+00	0.00000000	1.000000000	1.000000000	0.000000000	1.00000000	0.00000e+00	0.00000e+00	0.00000e+00	0.00000e+00	0.00000e+00	0.00000e+00	0.00000e+00	#_46        
   66	1	1	0	0	 50	0.00000e+00	0.00000e+00	0.00000e+00	1.00000e+00	1.00000e+00	0.00000e+00	1.00000e+00	3.00000e+00	2.0000000	4.0000000	0.0000000	2.00000000	 2.0000000	 2.00000000	2.00000000	1.00000000	2.0000000	3.0000000	2.00000000	1.0000000	1.0000000	2.00000000	1.0000000	2.00000000	2.0000000	1.00000000	3.000000000	2.00000000	1.000000000	1.00000000	1.00000000	1.00000000	0.00000e+00	0.00000000	1.000000000	0.000000000	0.000000000	1.00000000	0.00000e+00	1.00000e+00	0.00000e+00	0.00000e+00	0.00000e+00	0.00000e+00	0.00000e+00	#_47        
   67	1	1	0	0	 50	0.00000e+00	0.00000e+00	0.00000e+00	0.00000e+00	0.00000e+00	0.00000e+00	0.00000e+00	0.00000e+00	3.0000000	2.0000000	3.0000000	3.00000000	 3.0000000	 2.00000000	1.00000000	3.00000000	1.0000000	2.0000000	0.00000000	3.0000000	2.0000000	4.00000000	2.0000000	2.00000000	1.0000000	2.00000000	2.000000000	1.00000000	1.000000000	2.00000000	1.00000000	0.00000000	0.00000e+00	0.00000000	0.000000000	0.000000000	0.000000000	2.00000000	0.00000e+00	1.00000e+00	0.00000e+00	1.00000e+00	0.00000e+00	0.00000e+00	0.00000e+00	#_48        
   68	1	1	0	0	 50	0.00000e+00	0.00000e+00	0.00000e+00	0.00000e+00	1.00000e+00	0.00000e+00	0.00000e+00	0.00000e+00	4.0000000	4.0000000	2.0000000	0.00000000	 2.0000000	 0.00000000	1.00000000	4.00000000	3.0000000	2.0000000	3.00000000	2.0000000	2.0000000	2.00000000	1.0000000	1.00000000	0.0000000	2.00000000	1.000000000	0.00000000	0.000000000	2.00000000	4.00000000	2.00000000	2.00000e+00	0.00000000	0.000000000	0.000000000	2.000000000	0.00000000	1.00000e+00	0.00000e+00	0.00000e+00	0.00000e+00	0.00000e+00	0.00000e+00	0.00000e+00	#_49        
   69	1	1	0	0	 50	0.00000e+00	0.00000e+00	1.00000e+00	2.00000e+00	2.00000e+00	0.00000e+00	0.00000e+00	0.00000e+00	0.0000000	4.0000000	3.0000000	3.00000000	 2.0000000	 3.00000000	3.00000000	2.00000000	0.0000000	2.0000000	1.00000000	2.0000000	2.0000000	0.00000000	1.0000000	1.00000000	0.0000000	1.00000000	3.000000000	2.00000000	5.000000000	2.00000000	0.00000000	0.00000000	1.00000e+00	0.00000000	1.000000000	1.000000000	0.000000000	0.00000000	0.00000e+00	0.00000e+00	0.00000e+00	0.00000e+00	0.00000e+00	0.00000e+00	0.00000e+00	#_50        
   70	1	1	0	0	 50	0.00000e+00	0.00000e+00	0.00000e+00	1.00000e+00	0.00000e+00	1.00000e+00	0.00000e+00	1.00000e+00	0.0000000	1.0000000	5.0000000	1.00000000	 2.0000000	 1.00000000	3.00000000	2.00000000	1.0000000	4.0000000	0.00000000	2.0000000	3.0000000	3.00000000	1.0000000	3.00000000	3.0000000	3.00000000	1.000000000	1.00000000	0.000000000	2.00000000	1.00000000	1.00000000	1.00000e+00	0.00000000	0.000000000	0.000000000	0.000000000	0.00000000	1.00000e+00	1.00000e+00	0.00000e+00	0.00000e+00	0.00000e+00	0.00000e+00	0.00000e+00	#_51        
   71	1	1	0	0	 50	0.00000e+00	0.00000e+00	0.00000e+00	0.00000e+00	0.00000e+00	0.00000e+00	0.00000e+00	1.00000e+00	0.0000000	4.0000000	4.0000000	5.00000000	 0.0000000	 1.00000000	6.00000000	4.00000000	0.0000000	1.0000000	2.00000000	1.0000000	1.0000000	3.00000000	1.0000000	4.00000000	2.0000000	2.00000000	1.000000000	2.00000000	1.000000000	1.00000000	2.00000000	0.00000000	0.00000e+00	0.00000000	0.000000000	0.000000000	0.000000000	0.00000000	1.00000e+00	0.00000e+00	0.00000e+00	0.00000e+00	0.00000e+00	0.00000e+00	0.00000e+00	#_52        
   72	1	1	0	0	 50	0.00000e+00	1.00000e+00	1.00000e+00	3.00000e+00	0.00000e+00	1.00000e+00	3.00000e+00	0.00000e+00	1.0000000	1.0000000	5.0000000	2.00000000	 1.0000000	 3.00000000	2.00000000	2.00000000	4.0000000	1.0000000	0.00000000	0.0000000	2.0000000	0.00000000	3.0000000	1.00000000	2.0000000	2.00000000	2.000000000	0.00000000	0.000000000	2.00000000	1.00000000	0.00000000	2.00000e+00	0.00000000	1.000000000	1.000000000	0.000000000	0.00000000	0.00000e+00	0.00000e+00	0.00000e+00	0.00000e+00	0.00000e+00	0.00000e+00	0.00000e+00	#_53        
   73	1	1	0	0	 50	0.00000e+00	0.00000e+00	0.00000e+00	0.00000e+00	0.00000e+00	0.00000e+00	3.00000e+00	0.00000e+00	1.0000000	4.0000000	4.0000000	2.00000000	 4.0000000	 3.00000000	1.00000000	1.00000000	2.0000000	2.0000000	2.00000000	0.0000000	4.0000000	1.00000000	2.0000000	1.00000000	3.0000000	1.00000000	1.000000000	0.00000000	1.000000000	1.00000000	1.00000000	0.00000000	1.00000e+00	1.00000000	1.000000000	0.000000000	1.000000000	1.00000000	0.00000e+00	0.00000e+00	0.00000e+00	0.00000e+00	0.00000e+00	0.00000e+00	0.00000e+00	#_54        
   74	1	1	0	0	 50	0.00000e+00	0.00000e+00	1.00000e+00	1.00000e+00	1.00000e+00	1.00000e+00	0.00000e+00	0.00000e+00	0.0000000	2.0000000	3.0000000	0.00000000	 0.0000000	 4.00000000	4.00000000	4.00000000	4.0000000	3.0000000	4.00000000	2.0000000	1.0000000	2.00000000	1.0000000	2.00000000	1.0000000	0.00000000	1.000000000	0.00000000	3.000000000	1.00000000	0.00000000	0.00000000	0.00000e+00	1.00000000	1.000000000	0.000000000	1.000000000	1.00000000	0.00000e+00	0.00000e+00	0.00000e+00	0.00000e+00	0.00000e+00	0.00000e+00	0.00000e+00	#_55        
   75	1	1	0	0	 50	0.00000e+00	0.00000e+00	0.00000e+00	1.00000e+00	0.00000e+00	0.00000e+00	1.00000e+00	1.00000e+00	0.0000000	4.0000000	3.0000000	3.00000000	 1.0000000	 3.00000000	2.00000000	2.00000000	2.0000000	3.0000000	4.00000000	1.0000000	2.0000000	4.00000000	1.0000000	1.00000000	2.0000000	0.00000000	1.000000000	0.00000000	0.000000000	2.00000000	0.00000000	3.00000000	0.00000e+00	0.00000000	0.000000000	3.000000000	0.000000000	0.00000000	0.00000e+00	0.00000e+00	0.00000e+00	0.00000e+00	0.00000e+00	0.00000e+00	0.00000e+00	#_56        
   76	1	1	0	0	 50	0.00000e+00	0.00000e+00	0.00000e+00	0.00000e+00	2.00000e+00	0.00000e+00	0.00000e+00	0.00000e+00	2.0000000	3.0000000	0.0000000	3.00000000	 1.0000000	 3.00000000	4.00000000	2.00000000	5.0000000	1.0000000	1.00000000	1.0000000	2.0000000	3.00000000	4.0000000	1.00000000	1.0000000	2.00000000	1.000000000	0.00000000	2.000000000	0.00000000	1.00000000	0.00000000	0.00000e+00	0.00000000	1.000000000	2.000000000	1.000000000	0.00000000	0.00000e+00	0.00000e+00	0.00000e+00	0.00000e+00	1.00000e+00	0.00000e+00	0.00000e+00	#_57        
   77	1	1	0	0	 50	0.00000e+00	0.00000e+00	0.00000e+00	0.00000e+00	0.00000e+00	0.00000e+00	0.00000e+00	0.00000e+00	1.0000000	2.0000000	1.0000000	1.00000000	 1.0000000	 1.00000000	0.00000000	7.00000000	3.0000000	2.0000000	3.00000000	2.0000000	1.0000000	5.00000000	2.0000000	3.00000000	1.0000000	1.00000000	2.000000000	2.00000000	2.000000000	1.00000000	2.00000000	0.00000000	2.00000e+00	0.00000000	0.000000000	0.000000000	1.000000000	0.00000000	0.00000e+00	0.00000e+00	0.00000e+00	0.00000e+00	0.00000e+00	0.00000e+00	1.00000e+00	#_58        
   78	1	1	0	0	 50	0.00000e+00	0.00000e+00	0.00000e+00	0.00000e+00	0.00000e+00	0.00000e+00	0.00000e+00	2.00000e+00	1.0000000	4.0000000	3.0000000	0.00000000	 2.0000000	 0.00000000	1.00000000	2.00000000	3.0000000	1.0000000	2.00000000	3.0000000	3.0000000	2.00000000	4.0000000	2.00000000	2.0000000	2.00000000	0.000000000	2.00000000	1.000000000	1.00000000	0.00000000	0.00000000	1.00000e+00	1.00000000	0.000000000	1.000000000	0.000000000	2.00000000	0.00000e+00	2.00000e+00	0.00000e+00	0.00000e+00	0.00000e+00	0.00000e+00	0.00000e+00	#_59        
   79	1	1	0	0	 50	0.00000e+00	0.00000e+00	0.00000e+00	1.00000e+00	0.00000e+00	0.00000e+00	0.00000e+00	0.00000e+00	2.0000000	6.0000000	3.0000000	3.00000000	 1.0000000	 4.00000000	5.00000000	2.00000000	1.0000000	1.0000000	2.00000000	2.0000000	2.0000000	0.00000000	0.0000000	1.00000000	1.0000000	2.00000000	1.000000000	0.00000000	1.000000000	0.00000000	2.00000000	1.00000000	0.00000e+00	2.00000000	0.000000000	1.000000000	0.000000000	1.00000000	1.00000e+00	0.00000e+00	0.00000e+00	0.00000e+00	1.00000e+00	0.00000e+00	0.00000e+00	#_60        
   80	1	1	0	0	 50	0.00000e+00	0.00000e+00	0.00000e+00	0.00000e+00	0.00000e+00	0.00000e+00	1.00000e+00	2.00000e+00	2.0000000	3.0000000	3.0000000	0.00000000	 3.0000000	 1.00000000	3.00000000	3.00000000	1.0000000	2.0000000	3.00000000	3.0000000	0.0000000	1.00000000	0.0000000	0.00000000	1.0000000	0.00000000	2.000000000	2.00000000	0.000000000	2.00000000	2.00000000	1.00000000	1.00000e+00	2.00000000	1.000000000	3.000000000	0.000000000	1.00000000	0.00000e+00	1.00000e+00	0.00000e+00	0.00000e+00	0.00000e+00	0.00000e+00	0.00000e+00	#_61        
   81	1	1	0	0	 50	0.00000e+00	0.00000e+00	0.00000e+00	1.00000e+00	1.00000e+00	0.00000e+00	0.00000e+00	1.00000e+00	1.0000000	4.0000000	1.0000000	0.00000000	 2.0000000	 2.00000000	4.00000000	4.00000000	1.0000000	2.0000000	0.00000000	1.0000000	2.0000000	1.00000000	2.0000000	2.00000000	4.0000000	3.00000000	3.000000000	0.00000000	1.000000000	0.00000000	1.00000000	1.00000000	1.00000e+00	1.00000000	1.000000000	0.000000000	0.000000000	0.00000000	2.00000e+00	0.00000e+00	0.00000e+00	0.00000e+00	0.00000e+00	0.00000e+00	0.00000e+00	#_62        
   82	1	1	0	0	 50	0.00000e+00	0.00000e+00	0.00000e+00	0.00000e+00	0.00000e+00	1.00000e+00	0.00000e+00	1.00000e+00	5.0000000	4.0000000	5.0000000	1.00000000	 2.0000000	 1.00000000	0.00000000	3.00000000	3.0000000	0.0000000	1.00000000	2.0000000	1.0000000	2.00000000	3.0000000	3.00000000	2.0000000	0.00000000	2.000000000	1.00000000	1.000000000	2.00000000	1.00000000	1.00000000	0.00000e+00	0.00000000	1.000000000	1.000000000	0.000000000	0.00000000	0.00000e+00	0.00000e+00	0.00000e+00	0.00000e+00	0.00000e+00	0.00000e+00	0.00000e+00	#_63        
   83	1	1	0	0	 50	1.00000e+00	0.00000e+00	0.00000e+00	2.00000e+00	0.00000e+00	0.00000e+00	1.00000e+00	0.00000e+00	3.0000000	5.0000000	1.0000000	1.00000000	 3.0000000	 1.00000000	1.00000000	1.00000000	2.0000000	4.0000000	1.00000000	3.0000000	2.0000000	1.00000000	3.0000000	1.00000000	1.0000000	2.00000000	2.000000000	1.00000000	1.000000000	2.00000000	1.00000000	0.00000000	1.00000e+00	0.00000000	1.000000000	1.000000000	0.000000000	0.00000000	0.00000e+00	0.00000e+00	0.00000e+00	0.00000e+00	0.00000e+00	0.00000e+00	0.00000e+00	#_64        
   84	1	1	0	0	 50	0.00000e+00	0.00000e+00	0.00000e+00	1.00000e+00	0.00000e+00	1.00000e+00	0.00000e+00	1.00000e+00	2.0000000	3.0000000	2.0000000	0.00000000	 0.0000000	 0.00000000	0.00000000	2.00000000	2.0000000	3.0000000	5.00000000	1.0000000	1.0000000	3.00000000	1.0000000	1.00000000	2.0000000	1.00000000	0.000000000	5.00000000	2.000000000	2.00000000	1.00000000	1.00000000	2.00000e+00	1.00000000	0.000000000	1.000000000	1.000000000	0.00000000	0.00000e+00	0.00000e+00	1.00000e+00	0.00000e+00	1.00000e+00	0.00000e+00	0.00000e+00	#_65        
   85	1	1	0	0	 50	0.00000e+00	0.00000e+00	0.00000e+00	0.00000e+00	0.00000e+00	0.00000e+00	0.00000e+00	2.00000e+00	5.0000000	6.0000000	4.0000000	5.00000000	 3.0000000	 1.00000000	0.00000000	3.00000000	1.0000000	0.0000000	3.00000000	1.0000000	3.0000000	1.00000000	2.0000000	1.00000000	1.0000000	2.00000000	3.000000000	1.00000000	0.000000000	0.00000000	0.00000000	0.00000000	0.00000e+00	1.00000000	0.000000000	1.000000000	0.000000000	0.00000000	0.00000e+00	0.00000e+00	0.00000e+00	0.00000e+00	0.00000e+00	0.00000e+00	0.00000e+00	#_66        
   86	1	1	0	0	 50	1.00000e+00	0.00000e+00	0.00000e+00	1.00000e+00	0.00000e+00	0.00000e+00	0.00000e+00	0.00000e+00	3.0000000	2.0000000	1.0000000	5.00000000	 4.0000000	 4.00000000	2.00000000	3.00000000	4.0000000	0.0000000	1.00000000	0.0000000	4.0000000	1.00000000	0.0000000	0.00000000	3.0000000	2.00000000	0.000000000	1.00000000	1.000000000	1.00000000	0.00000000	0.00000000	0.00000e+00	1.00000000	1.000000000	0.000000000	4.000000000	0.00000000	0.00000e+00	0.00000e+00	0.00000e+00	0.00000e+00	0.00000e+00	0.00000e+00	0.00000e+00	#_67        
   87	1	1	0	0	 50	0.00000e+00	0.00000e+00	0.00000e+00	2.00000e+00	3.00000e+00	1.00000e+00	1.00000e+00	0.00000e+00	1.0000000	3.0000000	1.0000000	4.00000000	 1.0000000	 0.00000000	2.00000000	1.00000000	0.0000000	5.0000000	5.00000000	2.0000000	1.0000000	2.00000000	1.0000000	2.00000000	0.0000000	0.00000000	1.000000000	0.00000000	1.000000000	2.00000000	1.00000000	1.00000000	1.00000e+00	1.00000000	2.000000000	0.000000000	0.000000000	1.00000000	0.00000e+00	0.00000e+00	0.00000e+00	1.00000e+00	0.00000e+00	0.00000e+00	0.00000e+00	#_68        
   88	1	1	0	0	 50	0.00000e+00	0.00000e+00	1.00000e+00	0.00000e+00	2.00000e+00	0.00000e+00	0.00000e+00	2.00000e+00	5.0000000	5.0000000	8.0000000	3.00000000	 1.0000000	 1.00000000	0.00000000	2.00000000	1.0000000	2.0000000	2.00000000	0.0000000	0.0000000	4.00000000	0.0000000	4.00000000	0.0000000	0.00000000	1.000000000	1.00000000	0.000000000	4.00000000	0.00000000	1.00000000	0.00000e+00	0.00000000	0.000000000	0.000000000	0.000000000	0.00000000	0.00000e+00	0.00000e+00	0.00000e+00	0.00000e+00	0.00000e+00	0.00000e+00	0.00000e+00	#_69        
   89	1	1	0	0	 50	0.00000e+00	0.00000e+00	0.00000e+00	0.00000e+00	0.00000e+00	0.00000e+00	0.00000e+00	2.00000e+00	2.0000000	4.0000000	5.0000000	2.00000000	 6.0000000	 2.00000000	3.00000000	2.00000000	1.0000000	1.0000000	1.00000000	1.0000000	1.0000000	2.00000000	0.0000000	2.00000000	3.0000000	2.00000000	0.000000000	1.00000000	3.000000000	1.00000000	1.00000000	0.00000000	1.00000e+00	0.00000000	1.000000000	0.000000000	0.000000000	0.00000000	0.00000e+00	0.00000e+00	0.00000e+00	0.00000e+00	0.00000e+00	0.00000e+00	0.00000e+00	#_70        
   90	1	1	0	0	 50	0.00000e+00	0.00000e+00	0.00000e+00	0.00000e+00	0.00000e+00	0.00000e+00	1.00000e+00	2.00000e+00	1.0000000	1.0000000	3.0000000	4.00000000	 2.0000000	 6.00000000	3.00000000	7.00000000	0.0000000	2.0000000	3.00000000	2.0000000	1.0000000	2.00000000	0.0000000	1.00000000	0.0000000	1.00000000	0.000000000	1.00000000	2.000000000	1.00000000	1.00000000	1.00000000	0.00000e+00	1.00000000	0.000000000	1.000000000	0.000000000	0.00000000	0.00000e+00	0.00000e+00	0.00000e+00	0.00000e+00	0.00000e+00	0.00000e+00	0.00000e+00	#_71        
   91	1	1	0	0	 50	0.00000e+00	0.00000e+00	0.00000e+00	0.00000e+00	1.00000e+00	1.00000e+00	0.00000e+00	0.00000e+00	0.0000000	1.0000000	1.0000000	0.00000000	 1.0000000	 1.00000000	3.00000000	0.00000000	5.0000000	3.0000000	3.00000000	6.0000000	3.0000000	3.00000000	2.0000000	2.00000000	2.0000000	1.00000000	1.000000000	2.00000000	3.000000000	0.00000000	1.00000000	0.00000000	0.00000e+00	0.00000000	1.000000000	2.000000000	0.000000000	0.00000000	0.00000e+00	1.00000e+00	0.00000e+00	0.00000e+00	0.00000e+00	0.00000e+00	0.00000e+00	#_72        
   92	1	1	0	0	 50	0.00000e+00	0.00000e+00	1.00000e+00	0.00000e+00	0.00000e+00	1.00000e+00	1.00000e+00	0.00000e+00	3.0000000	1.0000000	3.0000000	1.00000000	 0.0000000	 3.00000000	1.00000000	2.00000000	1.0000000	2.0000000	1.00000000	2.0000000	4.0000000	0.00000000	2.0000000	4.00000000	4.0000000	1.00000000	0.000000000	2.00000000	2.000000000	2.00000000	1.00000000	2.00000000	0.00000e+00	0.00000000	1.000000000	0.000000000	1.000000000	0.00000000	0.00000e+00	0.00000e+00	0.00000e+00	1.00000e+00	0.00000e+00	0.00000e+00	0.00000e+00	#_73        
   93	1	1	0	0	 50	0.00000e+00	0.00000e+00	0.00000e+00	1.00000e+00	3.00000e+00	0.00000e+00	0.00000e+00	0.00000e+00	2.0000000	3.0000000	4.0000000	6.00000000	 0.0000000	 1.00000000	0.00000000	1.00000000	2.0000000	0.0000000	2.00000000	0.0000000	3.0000000	2.00000000	1.0000000	4.00000000	3.0000000	2.00000000	0.000000000	2.00000000	1.000000000	2.00000000	0.00000000	2.00000000	0.00000e+00	0.00000000	1.000000000	0.000000000	1.000000000	0.00000000	0.00000e+00	0.00000e+00	0.00000e+00	0.00000e+00	1.00000e+00	0.00000e+00	0.00000e+00	#_74        
   94	1	1	0	0	 50	0.00000e+00	0.00000e+00	0.00000e+00	0.00000e+00	1.00000e+00	1.00000e+00	0.00000e+00	1.00000e+00	3.0000000	1.0000000	3.0000000	0.00000000	 2.0000000	 3.00000000	1.00000000	5.00000000	3.0000000	0.0000000	1.00000000	1.0000000	0.0000000	0.00000000	1.0000000	3.00000000	1.0000000	3.00000000	2.000000000	2.00000000	1.000000000	2.00000000	1.00000000	1.00000000	2.00000e+00	2.00000000	2.000000000	0.000000000	0.000000000	0.00000000	0.00000e+00	0.00000e+00	0.00000e+00	1.00000e+00	0.00000e+00	0.00000e+00	0.00000e+00	#_75        
   62	1	2	0	0	100	0.00000e+00	0.00000e+00	0.00000e+00	0.00000e+00	0.00000e+00	0.00000e+00	5.00000e+00	5.00000e+00	1.0000000	2.0000000	4.0000000	8.00000000	 7.0000000	 7.00000000	5.00000000	4.00000000	5.0000000	4.0000000	4.00000000	4.0000000	2.0000000	7.00000000	1.0000000	2.00000000	2.0000000	1.00000000	2.000000000	2.00000000	3.000000000	2.00000000	0.00000000	1.00000000	2.00000e+00	3.00000000	0.000000000	2.000000000	1.000000000	1.00000000	1.00000e+00	0.00000e+00	0.00000e+00	0.00000e+00	0.00000e+00	0.00000e+00	0.00000e+00	#_76        
   64	1	2	0	0	100	0.00000e+00	0.00000e+00	0.00000e+00	1.00000e+00	4.00000e+00	7.00000e+00	4.00000e+00	5.00000e+00	5.0000000	0.0000000	3.0000000	2.00000000	 8.0000000	 5.00000000	3.00000000	4.00000000	2.0000000	7.0000000	4.00000000	7.0000000	1.0000000	3.00000000	3.0000000	3.00000000	1.0000000	3.00000000	1.000000000	2.00000000	0.000000000	1.00000000	0.00000000	3.00000000	2.00000e+00	1.00000000	1.000000000	0.000000000	1.000000000	0.00000000	0.00000e+00	1.00000e+00	1.00000e+00	0.00000e+00	0.00000e+00	1.00000e+00	0.00000e+00	#_77        
   66	1	2	0	0	100	0.00000e+00	0.00000e+00	0.00000e+00	0.00000e+00	1.00000e+00	7.00000e+00	1.10000e+01	5.00000e+00	4.0000000	0.0000000	5.0000000	5.00000000	 2.0000000	 2.00000000	3.00000000	7.00000000	2.0000000	3.0000000	2.00000000	2.0000000	4.0000000	2.00000000	2.0000000	4.00000000	3.0000000	3.00000000	2.000000000	1.00000000	2.000000000	5.00000000	3.00000000	2.00000000	1.00000e+00	1.00000000	1.000000000	2.000000000	0.000000000	0.00000000	0.00000e+00	1.00000e+00	0.00000e+00	0.00000e+00	0.00000e+00	0.00000e+00	0.00000e+00	#_78        
   68	1	2	0	0	100	0.00000e+00	1.00000e+00	0.00000e+00	1.00000e+00	1.00000e+00	8.00000e+00	5.00000e+00	4.00000e+00	4.0000000	6.0000000	1.0000000	6.00000000	 8.0000000	 3.00000000	2.00000000	2.00000000	2.0000000	4.0000000	3.00000000	4.0000000	4.0000000	1.00000000	6.0000000	3.00000000	0.0000000	3.00000000	5.000000000	2.00000000	1.000000000	2.00000000	1.00000000	1.00000000	1.00000e+00	2.00000000	2.000000000	0.000000000	0.000000000	1.00000000	0.00000e+00	0.00000e+00	0.00000e+00	0.00000e+00	0.00000e+00	0.00000e+00	0.00000e+00	#_79        
   70	1	2	0	0	100	0.00000e+00	0.00000e+00	0.00000e+00	0.00000e+00	0.00000e+00	4.00000e+00	1.20000e+01	7.00000e+00	2.0000000	2.0000000	5.0000000	4.00000000	 7.0000000	 5.00000000	2.00000000	3.00000000	3.0000000	1.0000000	4.00000000	4.0000000	5.0000000	5.00000000	2.0000000	3.00000000	3.0000000	3.00000000	2.000000000	1.00000000	2.000000000	2.00000000	3.00000000	0.00000000	1.00000e+00	1.00000000	0.000000000	0.000000000	0.000000000	0.00000000	0.00000e+00	0.00000e+00	0.00000e+00	0.00000e+00	2.00000e+00	0.00000e+00	0.00000e+00	#_80        
   72	1	2	0	0	100	0.00000e+00	0.00000e+00	0.00000e+00	0.00000e+00	0.00000e+00	3.00000e+00	4.00000e+00	1.10000e+01	4.0000000	0.0000000	7.0000000	4.00000000	 9.0000000	 6.00000000	4.00000000	5.00000000	2.0000000	2.0000000	4.00000000	1.0000000	3.0000000	4.00000000	4.0000000	1.00000000	1.0000000	0.00000000	6.000000000	1.00000000	2.000000000	2.00000000	2.00000000	4.00000000	2.00000e+00	0.00000000	0.000000000	0.000000000	1.000000000	1.00000000	0.00000e+00	0.00000e+00	0.00000e+00	0.00000e+00	0.00000e+00	0.00000e+00	0.00000e+00	#_81        
   74	1	2	0	0	100	1.00000e+00	0.00000e+00	0.00000e+00	0.00000e+00	1.00000e+00	1.00000e+00	2.00000e+00	3.00000e+00	6.0000000	6.0000000	6.0000000	9.00000000	13.0000000	 8.00000000	6.00000000	5.00000000	3.0000000	1.0000000	1.00000000	2.0000000	2.0000000	7.00000000	1.0000000	3.00000000	0.0000000	2.00000000	4.000000000	1.00000000	3.000000000	1.00000000	0.00000000	1.00000000	0.00000e+00	1.00000000	0.000000000	0.000000000	0.000000000	0.00000000	0.00000e+00	0.00000e+00	0.00000e+00	0.00000e+00	0.00000e+00	0.00000e+00	0.00000e+00	#_82        
   76	1	2	0	0	100	1.00000e+00	0.00000e+00	0.00000e+00	1.00000e+00	0.00000e+00	4.00000e+00	1.00000e+01	5.00000e+00	5.0000000	3.0000000	6.0000000	5.00000000	 4.0000000	 6.00000000	4.00000000	2.00000000	0.0000000	3.0000000	1.00000000	4.0000000	3.0000000	5.00000000	6.0000000	2.00000000	4.0000000	2.00000000	3.000000000	0.00000000	1.000000000	2.00000000	1.00000000	0.00000000	2.00000e+00	1.00000000	0.000000000	0.000000000	1.000000000	0.00000000	1.00000e+00	0.00000e+00	0.00000e+00	1.00000e+00	0.00000e+00	0.00000e+00	1.00000e+00	#_83        
   78	1	2	0	0	100	1.00000e+00	0.00000e+00	0.00000e+00	0.00000e+00	2.00000e+00	0.00000e+00	8.00000e+00	5.00000e+00	5.0000000	0.0000000	3.0000000	1.00000000	 4.0000000	 3.00000000	1.00000000	3.00000000	2.0000000	4.0000000	4.00000000	4.0000000	5.0000000	2.00000000	3.0000000	4.00000000	0.0000000	7.00000000	6.000000000	3.00000000	3.000000000	2.00000000	3.00000000	3.00000000	3.00000e+00	4.00000000	0.000000000	0.000000000	1.000000000	0.00000000	1.00000e+00	0.00000e+00	0.00000e+00	0.00000e+00	0.00000e+00	0.00000e+00	0.00000e+00	#_84        
   80	1	2	0	0	100	0.00000e+00	0.00000e+00	0.00000e+00	0.00000e+00	2.00000e+00	2.00000e+00	6.00000e+00	5.00000e+00	2.0000000	2.0000000	8.0000000	4.00000000	 4.0000000	 3.00000000	6.00000000	2.00000000	2.0000000	3.0000000	4.00000000	7.0000000	0.0000000	3.00000000	3.0000000	3.00000000	5.0000000	2.00000000	1.000000000	4.00000000	3.000000000	3.00000000	2.00000000	2.00000000	1.00000e+00	1.00000000	2.000000000	1.000000000	0.000000000	0.00000000	0.00000e+00	1.00000e+00	0.00000e+00	1.00000e+00	0.00000e+00	0.00000e+00	0.00000e+00	#_85        
   82	1	2	0	0	100	0.00000e+00	0.00000e+00	0.00000e+00	0.00000e+00	1.00000e+00	5.00000e+00	4.00000e+00	6.00000e+00	7.0000000	2.0000000	2.0000000	1.00000000	 5.0000000	 3.00000000	3.00000000	2.00000000	0.0000000	4.0000000	5.00000000	2.0000000	3.0000000	3.00000000	2.0000000	4.00000000	4.0000000	1.00000000	7.000000000	2.00000000	6.000000000	1.00000000	6.00000000	2.00000000	2.00000e+00	0.00000000	0.000000000	2.000000000	2.000000000	0.00000000	0.00000e+00	0.00000e+00	0.00000e+00	1.00000e+00	0.00000e+00	0.00000e+00	0.00000e+00	#_86        
   84	1	2	0	0	100	0.00000e+00	1.00000e+00	0.00000e+00	0.00000e+00	1.00000e+00	6.00000e+00	5.00000e+00	0.00000e+00	1.0000000	3.0000000	3.0000000	6.00000000	 9.0000000	 9.00000000	3.00000000	5.00000000	3.0000000	6.0000000	5.00000000	1.0000000	3.0000000	4.00000000	4.0000000	4.00000000	4.0000000	0.00000000	3.000000000	4.00000000	0.000000000	2.00000000	1.00000000	1.00000000	0.00000e+00	0.00000000	1.000000000	1.000000000	0.000000000	1.00000000	0.00000e+00	0.00000e+00	0.00000e+00	0.00000e+00	0.00000e+00	0.00000e+00	0.00000e+00	#_87        
   86	1	2	0	0	100	0.00000e+00	0.00000e+00	0.00000e+00	3.00000e+00	2.00000e+00	3.00000e+00	7.00000e+00	6.00000e+00	4.0000000	2.0000000	5.0000000	4.00000000	 5.0000000	 3.00000000	8.00000000	5.00000000	1.0000000	3.0000000	3.00000000	2.0000000	6.0000000	1.00000000	4.0000000	1.00000000	1.0000000	2.00000000	2.000000000	2.00000000	2.000000000	3.00000000	2.00000000	1.00000000	1.00000e+00	1.00000000	2.000000000	0.000000000	1.000000000	0.00000000	0.00000e+00	2.00000e+00	0.00000e+00	0.00000e+00	0.00000e+00	0.00000e+00	0.00000e+00	#_88        
   88	1	2	0	0	100	0.00000e+00	1.00000e+00	0.00000e+00	0.00000e+00	2.00000e+00	6.00000e+00	2.20000e+01	9.00000e+00	6.0000000	1.0000000	2.0000000	2.00000000	 3.0000000	 0.00000000	3.00000000	4.00000000	3.0000000	4.0000000	2.00000000	2.0000000	3.0000000	4.00000000	3.0000000	1.00000000	0.0000000	3.00000000	2.000000000	1.00000000	2.000000000	1.00000000	1.00000000	0.00000000	2.00000e+00	2.00000000	0.000000000	1.000000000	0.000000000	0.00000000	2.00000e+00	0.00000e+00	0.00000e+00	0.00000e+00	0.00000e+00	0.00000e+00	0.00000e+00	#_89        
   90	1	2	0	0	100	0.00000e+00	0.00000e+00	0.00000e+00	0.00000e+00	0.00000e+00	4.00000e+00	4.00000e+00	5.00000e+00	2.0000000	0.0000000	4.0000000	6.00000000	 9.0000000	11.00000000	3.00000000	6.00000000	6.0000000	3.0000000	4.00000000	5.0000000	2.0000000	3.00000000	0.0000000	2.00000000	3.0000000	2.00000000	2.000000000	3.00000000	2.000000000	1.00000000	2.00000000	1.00000000	0.00000e+00	1.00000000	2.000000000	0.000000000	1.000000000	0.00000000	0.00000e+00	0.00000e+00	0.00000e+00	0.00000e+00	0.00000e+00	0.00000e+00	1.00000e+00	#_90        
   92	1	2	0	0	100	2.00000e+00	1.00000e+00	0.00000e+00	0.00000e+00	2.00000e+00	3.00000e+00	5.00000e+00	3.00000e+00	4.0000000	0.0000000	2.0000000	3.00000000	 4.0000000	 4.00000000	3.00000000	2.00000000	2.0000000	2.0000000	4.00000000	6.0000000	3.0000000	5.00000000	3.0000000	6.00000000	7.0000000	3.00000000	5.000000000	2.00000000	1.000000000	2.00000000	2.00000000	3.00000000	0.00000e+00	1.00000000	1.000000000	0.000000000	2.000000000	1.00000000	1.00000e+00	0.00000e+00	0.00000e+00	0.00000e+00	0.00000e+00	0.00000e+00	0.00000e+00	#_91        
   94	1	2	0	0	100	1.00000e+00	1.00000e+00	0.00000e+00	0.00000e+00	1.00000e+00	2.00000e+00	6.00000e+00	7.00000e+00	3.0000000	3.0000000	7.0000000	5.00000000	 3.0000000	 3.00000000	6.00000000	3.00000000	2.0000000	4.0000000	1.00000000	2.0000000	5.0000000	4.00000000	1.0000000	3.00000000	1.0000000	4.00000000	8.000000000	2.00000000	3.000000000	3.00000000	1.00000000	0.00000000	2.00000e+00	0.00000000	0.000000000	1.000000000	1.000000000	0.00000000	1.00000e+00	0.00000e+00	0.00000e+00	0.00000e+00	0.00000e+00	0.00000e+00	0.00000e+00	#_92        
   96	1	2	0	0	100	1.00000e+00	0.00000e+00	0.00000e+00	2.00000e+00	3.00000e+00	7.00000e+00	5.00000e+00	9.00000e+00	1.0000000	1.0000000	1.0000000	3.00000000	 2.0000000	 1.00000000	5.00000000	3.00000000	3.0000000	1.0000000	3.00000000	2.0000000	3.0000000	5.00000000	5.0000000	2.00000000	7.0000000	2.00000000	4.000000000	0.00000000	3.000000000	2.00000000	4.00000000	2.00000000	2.00000e+00	2.00000000	2.000000000	2.000000000	0.000000000	0.00000000	0.00000e+00	0.00000e+00	0.00000e+00	0.00000e+00	0.00000e+00	0.00000e+00	0.00000e+00	#_93        
   98	1	2	0	0	100	1.00000e+00	0.00000e+00	0.00000e+00	1.00000e+00	0.00000e+00	7.00000e+00	3.00000e+00	3.00000e+00	2.0000000	4.0000000	3.0000000	1.00000000	 4.0000000	 3.00000000	5.00000000	2.00000000	4.0000000	5.0000000	4.00000000	7.0000000	1.0000000	7.00000000	3.0000000	3.00000000	1.0000000	4.00000000	3.000000000	3.00000000	0.000000000	4.00000000	0.00000000	7.00000000	2.00000e+00	0.00000000	0.000000000	0.000000000	1.000000000	1.00000000	1.00000e+00	0.00000e+00	0.00000e+00	0.00000e+00	0.00000e+00	0.00000e+00	0.00000e+00	#_94        
  100	1	2	0	0	100	0.00000e+00	0.00000e+00	0.00000e+00	0.00000e+00	0.00000e+00	7.00000e+00	1.00000e+01	1.00000e+01	7.0000000	1.0000000	5.0000000	2.00000000	 5.0000000	 6.00000000	6.00000000	3.00000000	5.0000000	6.0000000	5.00000000	1.0000000	3.0000000	1.00000000	2.0000000	2.00000000	2.0000000	2.00000000	1.000000000	1.00000000	2.000000000	1.00000000	0.00000000	0.00000000	1.00000e+00	1.00000000	1.000000000	0.000000000	0.000000000	0.00000000	0.00000e+00	1.00000e+00	0.00000e+00	0.00000e+00	0.00000e+00	0.00000e+00	0.00000e+00	#_95        
-9999	0	0	0	0	  0	0.00000e+00	0.00000e+00	0.00000e+00	0.00000e+00	0.00000e+00	0.00000e+00	0.00000e+00	0.00000e+00	0.0000000	0.0000000	0.0000000	0.00000000	 0.0000000	 0.00000000	0.00000000	0.00000000	0.0000000	0.0000000	0.00000000	0.0000000	0.0000000	0.00000000	0.0000000	0.00000000	0.0000000	0.00000000	0.000000000	0.00000000	0.000000000	0.00000000	0.00000000	0.00000000	0.00000e+00	0.00000000	0.000000000	0.000000000	0.000000000	0.00000000	0.00000e+00	0.00000e+00	0.00000e+00	0.00000e+00	0.00000e+00	0.00000e+00	0.00000e+00	#_terminator
25 #_N_agebins
#
#_agebin_vector
1 2 3 4 5 6 7 8 9 10 11 12 13 14 15 16 17 18 19 20 21 22 23 24 25 #_agebin_vector
#
#_ageing_error
1 #_N_ageerror_definitions
#_age0	age1	age2	age3	age4	age5	age6	age7	age8	age9	age10	age11	age12	age13	age14	age15	age16	age17	age18	age19	age20	age21	age22	age23	age24	age25
-1.000	-1.000	-1.000	-1.000	-1.000	-1.000	-1.000	-1.000	-1.000	-1.000	-1.000	-1.000	-1.000	-1.000	-1.000	-1.000	-1.000	-1.000	-1.000	-1.000	-1.000	-1.000	-1.000	-1.000	-1.000	-1.000	#_1
 0.001	 0.001	 0.001	 0.001	 0.001	 0.001	 0.001	 0.001	 0.001	 0.001	 0.001	 0.001	 0.001	 0.001	 0.001	 0.001	 0.001	 0.001	 0.001	 0.001	 0.001	 0.001	 0.001	 0.001	 0.001	 0.001	#_2
#
#_age_info
#_mintailcomp	addtocomp	combine_M_F	CompressBins	CompError	ParmSelect	minsamplesize
-1	1e-10	0	0	0	0	1	#_Fishery
-1	1e-10	0	0	0	0	1	#_Survey 
3 #_Lbin_method: 1=poplenbins; 2=datalenbins; 3=lengths
 #_combine males into females at or below this bin number
#_Yr	Seas	FltSvy	Gender	Part	Ageerr	Lbin_lo	Lbin_hi	Nsamp	a1	a2	a3	a4	a5	a6	a7	a8	a9	a10	a11	a12	a13	a14	a15	a16	a17	a18	a19	a20	a21	a22	a23	a24	a25
   26	1	1	0	0	1	 -1	 -1	 50	1	 6	11	 6	 2	 5	 3	3	2	2	1	1	1	1	2	0	1	1	0	0	0	0	0	0	1	#_1         
   27	1	1	0	0	1	 -1	 -1	 50	3	 7	10	 5	 5	 4	 2	2	7	2	1	0	1	0	0	0	0	0	0	1	0	0	0	0	0	#_2         
   28	1	1	0	0	1	 -1	 -1	 50	2	10	 3	 7	 4	 7	 2	1	4	2	3	2	1	0	0	1	0	1	0	0	0	0	0	0	0	#_3         
   29	1	1	0	0	1	 -1	 -1	 50	1	 8	11	 3	 9	 1	 8	2	1	3	0	2	0	1	0	0	0	0	0	0	0	0	0	0	0	#_4         
   30	1	1	0	0	1	 -1	 -1	 50	1	15	 8	 4	 3	 2	 5	4	1	1	1	3	0	0	0	0	1	0	1	0	0	0	0	0	0	#_5         
   31	1	1	0	0	1	 -1	 -1	 50	1	 8	 8	12	 5	 1	 3	2	2	1	1	1	2	1	1	0	0	0	0	0	1	0	0	0	0	#_6         
   32	1	1	0	0	1	 -1	 -1	 50	1	 9	13	 6	 8	 3	 1	1	3	0	1	1	1	1	0	1	0	0	0	0	0	0	0	0	0	#_7         
   33	1	1	0	0	1	 -1	 -1	 50	1	 9	 6	 9	 6	 8	 2	0	3	1	1	1	1	0	1	0	0	0	0	0	0	1	0	0	0	#_8         
   34	1	1	0	0	1	 -1	 -1	 50	2	13	 7	 4	 5	 4	 3	1	2	4	2	2	0	0	1	0	0	0	0	0	0	0	0	0	0	#_9         
   35	1	1	0	0	1	 -1	 -1	 50	2	15	 8	 3	 5	 5	 3	1	1	1	0	1	1	1	1	0	0	1	0	0	0	1	0	0	0	#_10        
   36	1	1	0	0	1	 -1	 -1	 50	0	 9	 8	11	 5	 2	 3	4	3	2	0	0	0	1	0	1	0	1	0	0	0	0	0	0	0	#_11        
   37	1	1	0	0	1	 -1	 -1	 50	5	 3	14	10	 7	 1	 2	3	2	1	2	0	0	0	0	0	0	0	0	0	0	0	0	0	0	#_12        
   38	1	1	0	0	1	 -1	 -1	 50	0	14	 6	10	 0	12	 1	1	3	0	1	1	0	0	0	1	0	0	0	0	0	0	0	0	0	#_13        
   39	1	1	0	0	1	 -1	 -1	 50	2	 7	17	 3	 2	 4	 4	3	6	0	0	0	1	0	0	1	0	0	0	0	0	0	0	0	0	#_14        
   40	1	1	0	0	1	 -1	 -1	 50	0	19	 8	 8	 5	 3	 2	2	1	0	0	0	0	0	0	1	1	0	0	0	0	0	0	0	0	#_15        
   41	1	1	0	0	1	 -1	 -1	 50	1	 5	17	 6	 7	 2	 4	1	2	1	3	0	0	1	0	0	0	0	0	0	0	0	0	0	0	#_16        
   42	1	1	0	0	1	 -1	 -1	 50	0	12	 4	 9	 2	11	 2	1	5	2	0	0	1	0	0	0	0	0	0	0	0	0	0	0	1	#_17        
   43	1	1	0	0	1	 -1	 -1	 50	7	13	 1	 7	 5	 5	 8	0	2	0	1	0	0	1	0	0	0	0	0	0	0	0	0	0	0	#_18        
   44	1	1	0	0	1	 -1	 -1	 50	0	23	 3	 9	 0	 7	 2	3	1	0	1	0	1	0	0	0	0	0	0	0	0	0	0	0	0	#_19        
   45	1	1	0	0	1	 -1	 -1	 50	3	 2	19	 4	 5	 4	 5	1	2	0	0	0	1	2	1	0	0	0	0	0	0	0	1	0	0	#_20        
   46	1	1	0	0	1	 -1	 -1	 50	2	 5	 5	18	 4	 3	 1	7	0	3	0	0	1	0	0	0	1	0	0	0	0	0	0	0	0	#_21        
   47	1	1	0	0	1	 -1	 -1	 50	0	13	11	 3	 7	 3	 5	3	2	0	1	0	0	0	0	0	1	0	0	0	0	0	0	0	1	#_22        
   48	1	1	0	0	1	 -1	 -1	 50	0	 9	22	 0	 2	 9	 2	3	1	0	0	0	0	1	0	0	0	0	1	0	0	0	0	0	0	#_23        
   49	1	1	0	0	1	 -1	 -1	 50	1	 7	15	 9	 3	 2	 5	0	1	3	4	0	0	0	0	0	0	0	0	0	0	0	0	0	0	#_24        
   50	1	1	0	0	1	 -1	 -1	 50	2	11	 5	 9	 1	 2	 2	9	3	1	0	2	0	2	0	0	1	0	0	0	0	0	0	0	0	#_25        
   51	1	1	0	0	1	 -1	 -1	 50	2	17	 8	 3	 5	 5	 0	0	3	0	0	1	3	1	1	0	0	1	0	0	0	0	0	0	0	#_26        
   52	1	1	0	0	1	 -1	 -1	 50	2	10	12	 6	 5	 4	 6	1	0	1	0	1	0	1	1	0	0	0	0	0	0	0	0	0	0	#_27        
   53	1	1	0	0	1	 -1	 -1	 50	2	13	 1	 9	 6	 1	 5	5	2	1	1	1	0	0	2	0	0	0	1	0	0	0	0	0	0	#_28        
   54	1	1	0	0	1	 -1	 -1	 50	1	11	12	 5	 4	 2	 2	6	4	0	0	2	0	0	1	0	0	0	0	0	0	0	0	0	0	#_29        
   55	1	1	0	0	1	 -1	 -1	 50	3	 8	13	 7	 3	 5	 1	0	5	4	0	0	1	0	0	0	0	0	0	0	0	0	0	0	0	#_30        
   56	1	1	0	0	1	 -1	 -1	 50	1	14	 4	 6	 8	 4	 8	1	1	2	0	1	0	0	0	0	0	0	0	0	0	0	0	0	0	#_31        
   57	1	1	0	0	1	 -1	 -1	 50	0	11	17	 5	 2	 3	 4	2	1	1	1	1	1	0	1	0	0	0	0	0	0	0	0	0	0	#_32        
   58	1	1	0	0	1	 -1	 -1	 50	1	11	 7	14	 4	 5	 0	0	5	1	0	0	2	0	0	0	0	0	0	0	0	0	0	0	0	#_33        
   59	1	1	0	0	1	 -1	 -1	 50	4	 9	12	 7	11	 2	 0	0	1	1	0	0	1	0	1	0	0	0	0	0	0	0	1	0	0	#_34        
   60	1	1	0	0	1	 -1	 -1	 50	3	11	11	 4	 4	 4	 3	3	1	1	1	0	2	1	0	0	0	1	0	0	0	0	0	0	0	#_35        
   61	1	1	0	0	1	 -1	 -1	 50	2	21	 7	 8	 1	 5	 0	0	2	0	0	3	1	0	0	0	0	0	0	0	0	0	0	0	0	#_36        
   62	1	1	0	0	1	 -1	 -1	 50	0	 7	15	 6	 3	 2	 7	5	1	1	0	0	0	1	1	0	0	1	0	0	0	0	0	0	0	#_37        
   63	1	1	0	0	1	 -1	 -1	 50	2	 6	 7	14	 5	 6	 4	0	1	1	0	1	1	1	0	1	0	0	0	0	0	0	0	0	0	#_38        
   64	1	1	0	0	1	 -1	 -1	 50	2	11	 9	 3	13	 7	 1	0	1	1	1	0	1	0	0	0	0	0	0	0	0	0	0	0	0	#_39        
   65	1	1	0	0	1	 -1	 -1	 50	3	 6	 5	 8	 4	 9	 4	3	3	2	1	0	0	0	0	1	1	0	0	0	0	0	0	0	0	#_40        
   66	1	1	0	0	1	 -1	 -1	 50	2	15	10	 7	 5	 3	 4	1	1	2	0	0	0	0	0	0	0	0	0	0	0	0	0	0	0	#_41        
   67	1	1	0	0	1	 -1	 -1	 50	2	10	 9	 8	 3	 3	 2	5	1	2	2	1	2	0	0	0	0	0	0	0	0	0	0	0	0	#_42        
   68	1	1	0	0	1	 -1	 -1	 50	0	10	 7	 9	 8	 3	 2	2	7	2	0	0	0	0	0	0	0	0	0	0	0	0	0	0	0	#_43        
   69	1	1	0	0	1	 -1	 -1	 50	1	12	 8	 6	 3	 5	 3	4	2	3	1	0	0	0	0	1	1	0	0	0	0	0	0	0	0	#_44        
   70	1	1	0	0	1	 -1	 -1	 50	4	 9	 5	 9	11	 4	 2	3	1	2	0	0	0	0	0	0	0	0	0	0	0	0	0	0	0	#_45        
   71	1	1	0	0	1	 -1	 -1	 50	2	17	11	 7	 3	 4	 1	1	2	1	0	0	0	0	0	0	0	0	0	1	0	0	0	0	0	#_46        
   72	1	1	0	0	1	 -1	 -1	 50	6	 5	12	10	 7	 2	 2	4	1	0	1	0	0	0	0	0	0	0	0	0	0	0	0	0	0	#_47        
   73	1	1	0	0	1	 -1	 -1	 50	1	28	 4	 8	 5	 0	 2	1	0	1	0	0	0	0	0	0	0	0	0	0	0	0	0	0	0	#_48        
   74	1	1	0	0	1	 -1	 -1	 50	2	 7	21	 3	 8	 1	 3	2	1	2	0	0	0	0	0	0	0	0	0	0	0	0	0	0	0	#_49        
   75	1	1	0	0	1	 -1	 -1	 50	2	18	 5	11	 4	 4	 1	2	1	1	0	0	0	0	1	0	0	0	0	0	0	0	0	0	0	#_50        
   76	1	1	0	0	1	 -1	 -1	 50	0	 9	12	 1	14	 3	 4	0	1	4	0	0	0	1	0	0	1	0	0	0	0	0	0	0	0	#_51        
   77	1	1	0	0	1	 -1	 -1	 50	0	 4	10	 7	 2	11	 4	3	5	0	1	1	1	0	1	0	0	0	0	0	0	0	0	0	0	#_52        
   78	1	1	0	0	1	 -1	 -1	 50	1	11	 5	 9	11	 2	 9	0	0	1	0	0	0	0	1	0	0	0	0	0	0	0	0	0	0	#_53        
   79	1	1	0	0	1	 -1	 -1	 50	3	10	10	 2	 6	 8	 1	6	0	0	2	0	1	0	0	1	0	0	0	0	0	0	0	0	0	#_54        
   80	1	1	0	0	1	 -1	 -1	 50	0	 3	17	10	 1	 3	 5	1	4	0	2	2	0	1	0	0	1	0	0	0	0	0	0	0	0	#_55        
   81	1	1	0	0	1	 -1	 -1	 50	4	 6	 7	 9	 4	 2	 4	3	1	5	0	1	2	0	0	1	0	1	0	0	0	0	0	0	0	#_56        
   82	1	1	0	0	1	 -1	 -1	 50	2	13	 9	 9	 6	 1	 1	1	1	1	1	1	2	1	0	0	1	0	0	0	0	0	0	0	0	#_57        
   83	1	1	0	0	1	 -1	 -1	 50	2	15	 8	 6	 3	 2	 4	3	2	2	0	2	0	1	0	0	0	0	0	0	0	0	0	0	0	#_58        
   84	1	1	0	0	1	 -1	 -1	 50	1	 9	 6	 9	 7	 1	 7	2	2	1	0	1	2	1	0	1	0	0	0	0	0	0	0	0	0	#_59        
   85	1	1	0	0	1	 -1	 -1	 50	3	18	 6	 7	 7	 2	 5	0	1	1	0	0	0	0	0	0	0	0	0	0	0	0	0	0	0	#_60        
   86	1	1	0	0	1	 -1	 -1	 50	3	 9	18	 5	 5	 1	 2	0	4	0	1	0	1	0	0	0	1	0	0	0	0	0	0	0	0	#_61        
   87	1	1	0	0	1	 -1	 -1	 50	5	 3	10	14	 4	 5	 5	1	0	1	1	1	0	0	0	0	0	0	0	0	0	0	0	0	0	#_62        
   88	1	1	0	0	1	 -1	 -1	 50	4	24	 3	 6	 3	 1	 4	0	1	3	0	0	0	0	1	0	0	0	0	0	0	0	0	0	0	#_63        
   89	1	1	0	0	1	 -1	 -1	 50	2	18	13	 1	 4	 7	 1	3	0	1	0	0	0	0	0	0	0	0	0	0	0	0	0	0	0	#_64        
   90	1	1	0	0	1	 -1	 -1	 50	0	 6	15	17	 1	 4	 3	1	0	0	0	1	0	0	1	1	0	0	0	0	0	0	0	0	0	#_65        
   91	1	1	0	0	1	 -1	 -1	 50	1	 9	 7	10	13	 0	 3	1	2	2	0	0	0	1	0	0	0	0	0	1	0	0	0	0	0	#_66        
   92	1	1	0	0	1	 -1	 -1	 50	1	13	 2	 7	 7	12	 1	1	3	2	0	0	0	0	0	0	0	0	0	0	0	1	0	0	0	#_67        
   93	1	1	0	0	1	 -1	 -1	 50	1	15	 4	 4	 1	 6	 9	1	1	3	1	2	1	0	0	0	0	0	0	1	0	0	0	0	0	#_68        
   94	1	1	0	0	1	 -1	 -1	 50	0	 8	15	13	 1	 4	 3	3	0	0	0	0	2	0	0	1	0	0	0	0	0	0	0	0	0	#_69        
   62	1	2	0	0	1	 -1	 -1	100	1	17	30	11	 9	12	 6	4	3	0	0	1	1	2	1	1	0	0	0	0	1	0	0	0	0	#_70        
   64	1	2	0	0	1	 -1	 -1	100	1	23	21	 7	17	 6	 3	8	2	4	2	2	0	0	2	0	1	1	0	0	0	0	0	0	0	#_71        
   66	1	2	0	0	1	 -1	 -1	100	0	24	20	19	 9	 6	 8	4	3	1	2	2	1	0	0	0	1	0	0	0	0	0	0	0	0	#_72        
   68	1	2	0	0	1	 -1	 -1	100	1	19	26	13	12	 7	 3	5	6	2	1	1	1	2	0	0	1	0	0	0	0	0	0	0	0	#_73        
   70	1	2	0	0	1	 -1	 -1	100	0	30	20	 9	12	 7	 4	7	3	0	2	1	1	0	1	0	0	1	0	0	1	0	0	0	1	#_74        
   72	1	2	0	0	1	 -1	 -1	100	2	18	27	17	13	 3	10	3	2	0	2	2	1	0	0	0	0	0	0	0	0	0	0	0	0	#_75        
   74	1	2	0	0	1	 -1	 -1	100	2	12	35	 5	11	11	 8	7	2	1	0	1	1	1	1	1	0	0	1	0	0	0	0	0	0	#_76        
   76	1	2	0	0	1	 -1	 -1	100	1	15	28	 7	24	 7	 6	1	4	2	3	1	1	0	0	0	0	0	0	0	0	0	0	0	0	#_77        
   78	1	2	0	0	1	 -1	 -1	100	1	25	 8	12	19	 4	16	3	3	3	1	1	1	2	0	1	0	0	0	0	0	0	0	0	0	#_78        
   80	1	2	0	0	1	 -1	 -1	100	0	16	21	13	 4	 8	16	4	7	1	4	2	2	1	0	1	0	0	0	0	0	0	0	0	0	#_79        
   82	1	2	0	0	1	 -1	 -1	100	0	21	14	15	18	11	 3	6	3	1	5	1	2	0	0	0	0	0	0	0	0	0	0	0	0	#_80        
   84	1	2	0	0	1	 -1	 -1	100	1	25	18	15	 8	 4	 6	5	3	3	5	0	4	1	2	0	0	0	0	0	0	0	0	0	0	#_81        
   86	1	2	0	0	1	 -1	 -1	100	0	22	35	11	12	 6	 4	2	1	3	0	1	2	0	1	0	0	0	0	0	0	0	0	0	0	#_82        
   88	1	2	0	0	1	 -1	 -1	100	0	41	12	 9	12	 6	 6	3	2	1	3	1	0	0	1	0	2	0	1	0	0	0	0	0	0	#_83        
   90	1	2	0	0	1	 -1	 -1	100	0	26	29	22	 6	 4	 5	0	0	3	0	0	0	1	1	0	2	1	0	0	0	0	0	0	0	#_84        
   92	1	2	0	0	1	 -1	 -1	100	2	23	 9	16	16	11	 3	2	9	3	5	0	0	0	1	0	0	0	0	0	0	0	0	0	0	#_85        
   94	1	2	0	0	1	 -1	 -1	100	1	22	23	 7	 9	10	14	8	1	1	1	0	1	1	1	0	0	0	0	0	0	0	0	0	0	#_86        
   96	1	2	0	0	1	 -1	 -1	100	0	27	13	13	12	 9	 3	6	6	5	2	1	2	0	0	0	0	0	0	1	0	0	0	0	0	#_87        
   98	1	2	0	0	1	 -1	 -1	100	2	27	 6	20	 8	 8	 9	4	2	1	3	2	2	1	1	1	1	2	0	0	0	0	0	0	0	#_88        
  100	1	2	0	0	1	 -1	 -1	100	1	29	32	 3	 5	11	 4	5	7	1	0	0	1	0	0	0	0	0	0	0	0	0	1	0	0	#_89        
   95	1	1	0	0	1	 29	 29	  1	1	 0	 0	 0	 0	 0	 0	0	0	0	0	0	0	0	0	0	0	0	0	0	0	0	0	0	0	#_731       
   95	1	1	0	0	1	 47	 47	  2	0	 2	 0	 0	 0	 0	 0	0	0	0	0	0	0	0	0	0	0	0	0	0	0	0	0	0	0	#_791       
   95	1	1	0	0	1	 50	 50	  1	0	 1	 0	 0	 0	 0	 0	0	0	0	0	0	0	0	0	0	0	0	0	0	0	0	0	0	0	#_801       
   95	1	1	0	0	1	 56	 56	  5	0	 2	 3	 0	 0	 0	 0	0	0	0	0	0	0	0	0	0	0	0	0	0	0	0	0	0	0	#_821       
   95	1	1	0	0	1	 59	 59	  1	0	 0	 1	 0	 0	 0	 0	0	0	0	0	0	0	0	0	0	0	0	0	0	0	0	0	0	0	#_831       
   95	1	1	0	0	1	 65	 65	  3	0	 0	 2	 1	 0	 0	 0	0	0	0	0	0	0	0	0	0	0	0	0	0	0	0	0	0	0	#_851       
   95	1	1	0	0	1	 68	 68	  2	0	 0	 1	 1	 0	 0	 0	0	0	0	0	0	0	0	0	0	0	0	0	0	0	0	0	0	0	#_861       
   95	1	1	0	0	1	 71	 71	  1	0	 0	 0	 1	 0	 0	 0	0	0	0	0	0	0	0	0	0	0	0	0	0	0	0	0	0	0	#_871       
   95	1	1	0	0	1	 74	 74	  2	0	 0	 1	 0	 1	 0	 0	0	0	0	0	0	0	0	0	0	0	0	0	0	0	0	0	0	0	#_881       
   95	1	1	0	0	1	 80	 80	  1	0	 0	 1	 0	 0	 0	 0	0	0	0	0	0	0	0	0	0	0	0	0	0	0	0	0	0	0	#_90        
   95	1	1	0	0	1	 86	 86	  2	0	 0	 0	 2	 0	 0	 0	0	0	0	0	0	0	0	0	0	0	0	0	0	0	0	0	0	0	#_92        
   95	1	1	0	0	1	 89	 89	  2	0	 0	 0	 0	 2	 0	 0	0	0	0	0	0	0	0	0	0	0	0	0	0	0	0	0	0	0	#_93        
   95	1	1	0	0	1	107	107	  3	0	 0	 0	 0	 0	 0	 0	1	1	1	0	0	0	0	0	0	0	0	0	0	0	0	0	0	0	#_99        
   95	1	1	0	0	1	110	110	  1	0	 0	 0	 0	 0	 0	 0	0	0	0	0	0	1	0	0	0	0	0	0	0	0	0	0	0	0	#_100       
   95	1	1	0	0	1	116	116	  3	0	 0	 0	 0	 0	 0	 1	1	0	0	0	1	0	0	0	0	0	0	0	0	0	0	0	0	0	#_102       
   96	1	1	0	0	1	 47	 47	  1	0	 1	 0	 0	 0	 0	 0	0	0	0	0	0	0	0	0	0	0	0	0	0	0	0	0	0	0	#_124       
   96	1	1	0	0	1	 50	 50	  4	0	 4	 0	 0	 0	 0	 0	0	0	0	0	0	0	0	0	0	0	0	0	0	0	0	0	0	0	#_125       
   96	1	1	0	0	1	 62	 62	  2	0	 0	 2	 0	 0	 0	 0	0	0	0	0	0	0	0	0	0	0	0	0	0	0	0	0	0	0	#_129       
   96	1	1	0	0	1	 68	 68	  2	0	 0	 1	 1	 0	 0	 0	0	0	0	0	0	0	0	0	0	0	0	0	0	0	0	0	0	0	#_131       
   96	1	1	0	0	1	 74	 74	  1	0	 0	 0	 1	 0	 0	 0	0	0	0	0	0	0	0	0	0	0	0	0	0	0	0	0	0	0	#_133       
   96	1	1	0	0	1	 80	 80	  1	0	 0	 0	 0	 1	 0	 0	0	0	0	0	0	0	0	0	0	0	0	0	0	0	0	0	0	0	#_135       
   96	1	1	0	0	1	 83	 83	  1	0	 0	 0	 0	 1	 0	 0	0	0	0	0	0	0	0	0	0	0	0	0	0	0	0	0	0	0	#_136       
   96	1	1	0	0	1	 86	 86	  2	0	 0	 0	 1	 1	 0	 0	0	0	0	0	0	0	0	0	0	0	0	0	0	0	0	0	0	0	#_137       
   96	1	1	0	0	1	 89	 89	  4	0	 0	 0	 1	 3	 0	 0	0	0	0	0	0	0	0	0	0	0	0	0	0	0	0	0	0	0	#_138       
   96	1	1	0	0	1	 98	 98	  1	0	 0	 0	 0	 1	 0	 0	0	0	0	0	0	0	0	0	0	0	0	0	0	0	0	0	0	0	#_141       
   96	1	1	0	0	1	107	107	  3	0	 0	 0	 0	 0	 0	 0	0	2	0	0	0	1	0	0	0	0	0	0	0	0	0	0	0	0	#_144       
   96	1	1	0	0	1	110	110	  4	0	 0	 0	 0	 0	 0	 2	1	1	0	0	0	0	0	0	0	0	0	0	0	0	0	0	0	0	#_145       
   96	1	1	0	0	1	116	116	  1	0	 0	 0	 0	 0	 0	 0	0	0	1	0	0	0	0	0	0	0	0	0	0	0	0	0	0	0	#_147       
   96	1	1	0	0	1	131	131	  2	0	 0	 0	 0	 0	 0	 0	0	1	0	0	0	0	0	1	0	0	0	0	0	0	0	0	0	0	#_152       
   96	1	1	0	0	1	140	140	  1	0	 0	 0	 0	 0	 0	 0	0	0	0	0	0	0	0	0	1	0	0	0	0	0	0	0	0	0	#_155       
   97	1	1	0	0	1	 35	 35	  1	1	 0	 0	 0	 0	 0	 0	0	0	0	0	0	0	0	0	0	0	0	0	0	0	0	0	0	0	#_165       
   97	1	1	0	0	1	 50	 50	  1	0	 1	 0	 0	 0	 0	 0	0	0	0	0	0	0	0	0	0	0	0	0	0	0	0	0	0	0	#_170       
   97	1	1	0	0	1	 59	 59	  1	0	 0	 1	 0	 0	 0	 0	0	0	0	0	0	0	0	0	0	0	0	0	0	0	0	0	0	0	#_173       
   97	1	1	0	0	1	 62	 62	  3	0	 0	 3	 0	 0	 0	 0	0	0	0	0	0	0	0	0	0	0	0	0	0	0	0	0	0	0	#_174       
   97	1	1	0	0	1	 65	 65	  1	0	 0	 1	 0	 0	 0	 0	0	0	0	0	0	0	0	0	0	0	0	0	0	0	0	0	0	0	#_175       
   97	1	1	0	0	1	 68	 68	  1	0	 0	 1	 0	 0	 0	 0	0	0	0	0	0	0	0	0	0	0	0	0	0	0	0	0	0	0	#_176       
   97	1	1	0	0	1	 71	 71	  4	0	 0	 2	 2	 0	 0	 0	0	0	0	0	0	0	0	0	0	0	0	0	0	0	0	0	0	0	#_177       
   97	1	1	0	0	1	 74	 74	  1	0	 0	 1	 0	 0	 0	 0	0	0	0	0	0	0	0	0	0	0	0	0	0	0	0	0	0	0	#_178       
   97	1	1	0	0	1	 77	 77	  2	0	 0	 1	 1	 0	 0	 0	0	0	0	0	0	0	0	0	0	0	0	0	0	0	0	0	0	0	#_179       
   97	1	1	0	0	1	 80	 80	  5	0	 0	 0	 2	 2	 1	 0	0	0	0	0	0	0	0	0	0	0	0	0	0	0	0	0	0	0	#_180       
   97	1	1	0	0	1	 86	 86	  2	0	 0	 0	 0	 1	 1	 0	0	0	0	0	0	0	0	0	0	0	0	0	0	0	0	0	0	0	#_182       
   97	1	1	0	0	1	 92	 92	  3	0	 0	 0	 0	 1	 1	 0	0	1	0	0	0	0	0	0	0	0	0	0	0	0	0	0	0	0	#_184       
   97	1	1	0	0	1	113	113	  1	0	 0	 0	 0	 0	 0	 0	0	1	0	0	0	0	0	0	0	0	0	0	0	0	0	0	0	0	#_191       
   97	1	1	0	0	1	116	116	  1	0	 0	 0	 0	 0	 0	 0	1	0	0	0	0	0	0	0	0	0	0	0	0	0	0	0	0	0	#_192       
   97	1	1	0	0	1	122	122	  1	0	 0	 0	 0	 0	 0	 0	0	0	1	0	0	0	0	0	0	0	0	0	0	0	0	0	0	0	#_194       
   97	1	1	0	0	1	134	134	  1	0	 0	 0	 0	 0	 0	 0	0	0	1	0	0	0	0	0	0	0	0	0	0	0	0	0	0	0	#_198       
   97	1	1	0	0	1	143	143	  1	0	 0	 0	 0	 0	 0	 0	0	0	0	0	1	0	0	0	0	0	0	0	0	0	0	0	0	0	#_201       
   98	1	1	0	0	1	 50	 50	  6	0	 6	 0	 0	 0	 0	 0	0	0	0	0	0	0	0	0	0	0	0	0	0	0	0	0	0	0	#_215       
   98	1	1	0	0	1	 53	 53	  2	0	 1	 1	 0	 0	 0	 0	0	0	0	0	0	0	0	0	0	0	0	0	0	0	0	0	0	0	#_216       
   98	1	1	0	0	1	 62	 62	  2	0	 0	 1	 1	 0	 0	 0	0	0	0	0	0	0	0	0	0	0	0	0	0	0	0	0	0	0	#_219       
   98	1	1	0	0	1	 65	 65	  1	0	 0	 1	 0	 0	 0	 0	0	0	0	0	0	0	0	0	0	0	0	0	0	0	0	0	0	0	#_220       
   98	1	1	0	0	1	 68	 68	  1	0	 0	 0	 1	 0	 0	 0	0	0	0	0	0	0	0	0	0	0	0	0	0	0	0	0	0	0	#_221       
   98	1	1	0	0	1	 74	 74	  3	0	 0	 1	 1	 1	 0	 0	0	0	0	0	0	0	0	0	0	0	0	0	0	0	0	0	0	0	#_223       
   98	1	1	0	0	1	 77	 77	  1	0	 0	 0	 0	 1	 0	 0	0	0	0	0	0	0	0	0	0	0	0	0	0	0	0	0	0	0	#_224       
   98	1	1	0	0	1	 80	 80	  1	0	 0	 0	 1	 0	 0	 0	0	0	0	0	0	0	0	0	0	0	0	0	0	0	0	0	0	0	#_225       
   98	1	1	0	0	1	 83	 83	  3	0	 0	 0	 1	 1	 0	 1	0	0	0	0	0	0	0	0	0	0	0	0	0	0	0	0	0	0	#_226       
   98	1	1	0	0	1	 86	 86	  1	0	 0	 0	 0	 0	 1	 0	0	0	0	0	0	0	0	0	0	0	0	0	0	0	0	0	0	0	#_227       
   98	1	1	0	0	1	 89	 89	  1	0	 0	 0	 0	 0	 1	 0	0	0	0	0	0	0	0	0	0	0	0	0	0	0	0	0	0	0	#_228       
   98	1	1	0	0	1	 92	 92	  1	0	 0	 0	 0	 1	 0	 0	0	0	0	0	0	0	0	0	0	0	0	0	0	0	0	0	0	0	#_229       
   98	1	1	0	0	1	 98	 98	  3	0	 0	 0	 0	 0	 1	 2	0	0	0	0	0	0	0	0	0	0	0	0	0	0	0	0	0	0	#_231       
   98	1	1	0	0	1	107	107	  1	0	 0	 0	 0	 0	 0	 1	0	0	0	0	0	0	0	0	0	0	0	0	0	0	0	0	0	0	#_234       
   98	1	1	0	0	1	116	116	  1	0	 0	 0	 0	 0	 0	 0	0	0	0	0	0	1	0	0	0	0	0	0	0	0	0	0	0	0	#_237       
   98	1	1	0	0	1	119	119	  2	0	 0	 0	 0	 0	 0	 0	1	0	0	1	0	0	0	0	0	0	0	0	0	0	0	0	0	0	#_238       
   99	1	1	0	0	1	 32	 32	  2	2	 0	 0	 0	 0	 0	 0	0	0	0	0	0	0	0	0	0	0	0	0	0	0	0	0	0	0	#_254       
   99	1	1	0	0	1	 44	 44	  5	0	 5	 0	 0	 0	 0	 0	0	0	0	0	0	0	0	0	0	0	0	0	0	0	0	0	0	0	#_258       
   99	1	1	0	0	1	 47	 47	  2	0	 2	 0	 0	 0	 0	 0	0	0	0	0	0	0	0	0	0	0	0	0	0	0	0	0	0	0	#_259       
   99	1	1	0	0	1	 50	 50	  1	0	 1	 0	 0	 0	 0	 0	0	0	0	0	0	0	0	0	0	0	0	0	0	0	0	0	0	0	#_260       
   99	1	1	0	0	1	 53	 53	  6	0	 5	 1	 0	 0	 0	 0	0	0	0	0	0	0	0	0	0	0	0	0	0	0	0	0	0	0	#_261       
   99	1	1	0	0	1	 56	 56	  2	0	 2	 0	 0	 0	 0	 0	0	0	0	0	0	0	0	0	0	0	0	0	0	0	0	0	0	0	#_262       
   99	1	1	0	0	1	 59	 59	  1	0	 0	 1	 0	 0	 0	 0	0	0	0	0	0	0	0	0	0	0	0	0	0	0	0	0	0	0	#_263       
   99	1	1	0	0	1	 62	 62	  1	0	 0	 1	 0	 0	 0	 0	0	0	0	0	0	0	0	0	0	0	0	0	0	0	0	0	0	0	#_264       
   99	1	1	0	0	1	 68	 68	  1	0	 0	 0	 1	 0	 0	 0	0	0	0	0	0	0	0	0	0	0	0	0	0	0	0	0	0	0	#_266       
   99	1	1	0	0	1	 71	 71	  1	0	 0	 1	 0	 0	 0	 0	0	0	0	0	0	0	0	0	0	0	0	0	0	0	0	0	0	0	#_267       
   99	1	1	0	0	1	 74	 74	  1	0	 0	 0	 1	 0	 0	 0	0	0	0	0	0	0	0	0	0	0	0	0	0	0	0	0	0	0	#_268       
   99	1	1	0	0	1	 77	 77	  2	0	 0	 0	 0	 2	 0	 0	0	0	0	0	0	0	0	0	0	0	0	0	0	0	0	0	0	0	#_269       
   99	1	1	0	0	1	 92	 92	  3	0	 0	 0	 0	 2	 0	 1	0	0	0	0	0	0	0	0	0	0	0	0	0	0	0	0	0	0	#_274       
   99	1	1	0	0	1	122	122	  1	0	 0	 0	 0	 0	 0	 0	0	0	0	0	0	0	0	0	0	0	0	0	0	1	0	0	0	0	#_284       
   99	1	1	0	0	1	134	134	  1	0	 0	 0	 0	 0	 0	 0	0	1	0	0	0	0	0	0	0	0	0	0	0	0	0	0	0	0	#_288       
  100	1	1	0	0	1	 44	 44	  3	0	 3	 0	 0	 0	 0	 0	0	0	0	0	0	0	0	0	0	0	0	0	0	0	0	0	0	0	#_303       
  100	1	1	0	0	1	 47	 47	  3	0	 3	 0	 0	 0	 0	 0	0	0	0	0	0	0	0	0	0	0	0	0	0	0	0	0	0	0	#_304       
  100	1	1	0	0	1	 50	 50	  1	0	 1	 0	 0	 0	 0	 0	0	0	0	0	0	0	0	0	0	0	0	0	0	0	0	0	0	0	#_305       
  100	1	1	0	0	1	 53	 53	  3	0	 3	 0	 0	 0	 0	 0	0	0	0	0	0	0	0	0	0	0	0	0	0	0	0	0	0	0	#_306       
  100	1	1	0	0	1	 56	 56	  3	0	 1	 2	 0	 0	 0	 0	0	0	0	0	0	0	0	0	0	0	0	0	0	0	0	0	0	0	#_307       
  100	1	1	0	0	1	 62	 62	  5	0	 0	 5	 0	 0	 0	 0	0	0	0	0	0	0	0	0	0	0	0	0	0	0	0	0	0	0	#_309       
  100	1	1	0	0	1	 65	 65	  2	0	 0	 1	 1	 0	 0	 0	0	0	0	0	0	0	0	0	0	0	0	0	0	0	0	0	0	0	#_310       
  100	1	1	0	0	1	 80	 80	  2	0	 0	 0	 1	 0	 1	 0	0	0	0	0	0	0	0	0	0	0	0	0	0	0	0	0	0	0	#_315       
  100	1	1	0	0	1	 89	 89	  1	0	 0	 0	 0	 0	 1	 0	0	0	0	0	0	0	0	0	0	0	0	0	0	0	0	0	0	0	#_318       
  100	1	1	0	0	1	 92	 92	  1	0	 0	 0	 0	 0	 1	 0	0	0	0	0	0	0	0	0	0	0	0	0	0	0	0	0	0	0	#_319       
  100	1	1	0	0	1	 95	 95	  1	0	 0	 0	 0	 0	 1	 0	0	0	0	0	0	0	0	0	0	0	0	0	0	0	0	0	0	0	#_320       
  100	1	1	0	0	1	107	107	  1	0	 0	 0	 0	 0	 0	 1	0	0	0	0	0	0	0	0	0	0	0	0	0	0	0	0	0	0	#_324       
  100	1	1	0	0	1	122	122	  4	0	 0	 0	 0	 0	 0	 1	1	0	0	1	0	1	0	0	0	0	0	0	0	0	0	0	0	0	#_329       
-9999	0	0	0	0	0	  0	  0	  0	0	 0	 0	 0	 0	 0	 0	0	0	0	0	0	0	0	0	0	0	0	0	0	0	0	0	0	0	#_terminator
#
#_MeanSize_at_Age_obs
0 #_use_MeanSize_at_Age_obs
0 #_N_environ_variables
0 #_N_sizefreq_methods
0 #_do_tags
0 #_morphcomp_data
0 #_use_selectivity_priors
#
999
